reg,var,beta,ymean,cov1,cov2,cov3,cov4,cov5,cov6,cov7,cov8,cov9,cov10,cov11,cov12,cov13,cov14,cov15,cov16,cov17,cov18,cov19,cov20,cov21
evreg1,1bno.relative_year_bin_aux,0,439.4768807690173,0,0,0,0,0,0,0,0,0,0,0,0,0,0,0,0,0,0,0,0,0
evreg1,2o.relative_year_bin_aux,0,439.4768807690173,0,0,0,0,0,0,0,0,0,0,0,0,0,0,0,0,0,0,0,0,0
evreg1,3o.relative_year_bin_aux,0,439.4768807690173,0,0,0,0,0,0,0,0,0,0,0,0,0,0,0,0,0,0,0,0,0
evreg1,4o.relative_year_bin_aux,0,439.4768807690173,0,0,0,0,0,0,0,0,0,0,0,0,0,0,0,0,0,0,0,0,0
evreg1,5o.relative_year_bin_aux,0,439.4768807690173,0,0,0,0,0,0,0,0,0,0,0,0,0,0,0,0,0,0,0,0,0
evreg1,6o.relative_year_bin_aux,0,439.4768807690173,0,0,0,0,0,0,0,0,0,0,0,0,0,0,0,0,0,0,0,0,0
evreg1,7o.relative_year_bin_aux,0,439.4768807690173,0,0,0,0,0,0,0,0,0,0,0,0,0,0,0,0,0,0,0,0,0
evreg1,9o.relative_year_bin_aux,0,439.4768807690173,0,0,0,0,0,0,0,0,0,0,0,0,0,0,0,0,0,0,0,0,0
evreg1,10o.relative_year_bin_aux,0,439.4768807690173,0,0,0,0,0,0,0,0,0,0,0,0,0,0,0,0,0,0,0,0,0
evreg1,1o.treat,0,439.4768807690173,0,0,0,0,0,0,0,0,0,0,0,0,0,0,0,0,0,0,0,0,0
evreg1,wind_direction,-.7360107873145044,439.4768807690173,0,0,0,0,0,0,0,0,0,0,.009174257842708,-1.16794209777814,-.0264959416533866,.0642122898160006,-.0097216254747677,.0134672282145171,.0008514190284252,-.0396731847593868,-.0808688410179012,.0422384955364736,-.1045079429688329
evreg1,av_wind_speed,151.1694695259976,439.4768807690173,0,0,0,0,0,0,0,0,0,0,-1.16794209777814,371.0968152717424,-2.738829016756546,-10.52676202660728,-1.477783547131403,-12.13939119676295,-3.575447235630236,6.76699041031369,20.28423913689113,-17.18400212878318,24.86133483305556
evreg1,1bn.relative_year_bin_aux#1.treat,60.3823679105589,439.4768807690173,0,0,0,0,0,0,0,0,0,0,-.0264959416533866,-2.738829016756546,234.6430382292613,171.1330253418942,204.9245696903833,161.92583678326,168.8489051967601,86.89810437361555,61.31155397358004,82.18866087410238,175.8501241041585
evreg1,2.relative_year_bin_aux#1.treat,46.17778794167098,439.4768807690173,0,0,0,0,0,0,0,0,0,0,.0642122898160006,-10.52676202660728,171.1330253418942,166.9642166132797,159.7758827866943,139.860123887703,123.0811539491438,60.58369904177273,26.60464052709882,65.87295046931017,102.137246401209
evreg1,3.relative_year_bin_aux#1.treat,37.88438070912036,439.4768807690173,0,0,0,0,0,0,0,0,0,0,-.0097216254747677,-1.477783547131403,204.9245696903833,159.7758827866943,208.6660935222814,141.8317777112685,162.2604725525432,90.08321848335696,67.53469208173286,73.96227098805846,164.2693471230221
evreg1,4.relative_year_bin_aux#1.treat,58.9813721415204,439.4768807690173,0,0,0,0,0,0,0,0,0,0,.0134672282145171,-12.13939119676295,161.92583678326,139.860123887703,141.8317777112685,151.1718504205651,116.5538376745001,54.22042395818535,28.95709193685781,70.07072496046297,104.4578890853748
evreg1,5.relative_year_bin_aux#1.treat,39.90292207454038,439.4768807690173,0,0,0,0,0,0,0,0,0,0,.0008514190284252,-3.575447235630236,168.8489051967601,123.0811539491438,162.2604725525432,116.5538376745001,174.7489430986736,83.17340298713113,76.32306280340983,73.8422108137005,179.0220618252253
evreg1,6.relative_year_bin_aux#1.treat,-16.74366565961607,439.4768807690173,0,0,0,0,0,0,0,0,0,0,-.0396731847593868,6.76699041031369,86.89810437361555,60.58369904177273,90.08321848335696,54.22042395818535,83.17340298713113,75.92056126775765,53.528735094132,32.96482122677391,82.94356942151205
evreg1,7.relative_year_bin_aux#1.treat,-14.79879656861357,439.4768807690173,0,0,0,0,0,0,0,0,0,0,-.0808688410179012,20.28423913689113,61.31155397358004,26.60464052709882,67.53469208173286,28.95709193685781,76.32306280340983,53.528735094132,84.66234833482304,23.28735140809385,98.82701014381094
evreg1,9.relative_year_bin_aux#1.treat,48.38026834677695,439.4768807690173,0,0,0,0,0,0,0,0,0,0,.0422384955364736,-17.18400212878318,82.18866087410238,65.87295046931017,73.96227098805846,70.07072496046297,73.8422108137005,32.96482122677391,23.28735140809385,88.58874546739244,113.7928540918704
evreg1,10.relative_year_bin_aux#1.treat,36.03071388348287,439.4768807690173,0,0,0,0,0,0,0,0,0,0,-.1045079429688329,24.86133483305556,175.8501241041585,102.137246401209,164.2693471230221,104.4578890853748,179.0220618252253,82.94356942151205,98.82701014381094,113.7928540918704,334.5406002862807
evreg2,1bno.relative_year_bin_aux,0,439.4768807690173,0,0,0,0,0,0,0,0,0,0,0,0,0,0,0,0,0,0,0,0,0
evreg2,2o.relative_year_bin_aux,0,439.4768807690173,0,0,0,0,0,0,0,0,0,0,0,0,0,0,0,0,0,0,0,0,0
evreg2,3o.relative_year_bin_aux,0,439.4768807690173,0,0,0,0,0,0,0,0,0,0,0,0,0,0,0,0,0,0,0,0,0
evreg2,4o.relative_year_bin_aux,0,439.4768807690173,0,0,0,0,0,0,0,0,0,0,0,0,0,0,0,0,0,0,0,0,0
evreg2,5o.relative_year_bin_aux,0,439.4768807690173,0,0,0,0,0,0,0,0,0,0,0,0,0,0,0,0,0,0,0,0,0
evreg2,6o.relative_year_bin_aux,0,439.4768807690173,0,0,0,0,0,0,0,0,0,0,0,0,0,0,0,0,0,0,0,0,0
evreg2,7o.relative_year_bin_aux,0,439.4768807690173,0,0,0,0,0,0,0,0,0,0,0,0,0,0,0,0,0,0,0,0,0
evreg2,9o.relative_year_bin_aux,0,439.4768807690173,0,0,0,0,0,0,0,0,0,0,0,0,0,0,0,0,0,0,0,0,0
evreg2,10o.relative_year_bin_aux,0,439.4768807690173,0,0,0,0,0,0,0,0,0,0,0,0,0,0,0,0,0,0,0,0,0
evreg2,1o.treat,0,439.4768807690173,0,0,0,0,0,0,0,0,0,0,0,0,0,0,0,0,0,0,0,0,0
evreg2,wind_direction,-.7194211877891853,439.4768807690173,0,0,0,0,0,0,0,0,0,0,.0088879161542498,-1.137951932276104,.0373476783219724,.1394259652276909,.0807649476284178,.0841936245698274,.0354268692811292,-.0225300949527745,-.0625820238676008,.0029319485473841,-.254142260890667
evreg2,av_wind_speed,150.7244097652004,439.4768807690173,0,0,0,0,0,0,0,0,0,0,-1.137951932276104,369.3793783443353,-22.87304479318249,-34.31975235424584,-27.55927404328794,-32.36016224859986,-15.24856677543847,-.3274564979916172,13.38702640208947,-2.54963900175495,80.65525567989896
evreg2,1bn.relative_year_bin_aux#1.treat,20.6564778720955,439.4768807690173,0,0,0,0,0,0,0,0,0,0,.0373476783219724,-22.87304479318249,298.5689131868,240.5323596625571,274.3299222712733,220.7180615018266,190.1792519148532,101.8971022991082,73.47351811773781,76.64501204569845,167.8402482141714
evreg2,2.relative_year_bin_aux#1.treat,4.405975016149391,439.4768807690173,0,0,0,0,0,0,0,0,0,0,.1394259652276909,-34.31975235424584,240.5323596625571,242.4133010028811,235.3910173989755,205.4804719501569,148.9904368631108,76.02706069483196,38.35374153676404,62.11054052614739,94.70700319000524
evreg2,3.relative_year_bin_aux#1.treat,-5.01593140982159,439.4768807690173,0,0,0,0,0,0,0,0,0,0,.0807649476284178,-27.55927404328794,274.3299222712733,235.3910173989755,283.6269263156665,207.6059705409879,187.5681728154247,105.8989183689366,78.83607147350683,68.76686043086166,152.4380639292245
evreg2,4.relative_year_bin_aux#1.treat,21.65886581773688,439.4768807690173,0,0,0,0,0,0,0,0,0,0,.0841936245698274,-32.36016224859986,220.7180615018266,205.4804719501569,207.6059705409879,210.7219193635207,140.6969464955002,69.23381357270654,39.39627786548687,70.02266120848667,102.9528069465642
evreg2,5.relative_year_bin_aux#1.treat,22.19120075149438,439.4768807690173,0,0,0,0,0,0,0,0,0,0,.0354268692811292,-15.24856677543847,190.1792519148532,148.9904368631108,187.5681728154247,140.6969464955002,184.7444119124155,95.72435510510773,84.35130314498241,71.34202079565141,179.5317427643319
evreg2,6.relative_year_bin_aux#1.treat,-23.97419614738402,439.4768807690173,0,0,0,0,0,0,0,0,0,0,-.0225300949527745,-.3274564979916172,101.8971022991082,76.02706069483196,105.8989183689366,69.23381357270654,95.72435510510773,88.37918389385227,62.08400629845462,33.02103889459668,78.77658997188342
evreg2,7.relative_year_bin_aux#1.treat,-21.39599069609742,439.4768807690173,0,0,0,0,0,0,0,0,0,0,-.0625820238676008,13.38702640208947,73.47351811773781,38.35374153676404,78.83607147350683,39.39627786548687,84.35130314498241,62.08400629845462,90.32160979008033,21.73749648576851,101.9097030626289
evreg2,9.relative_year_bin_aux#1.treat,63.21103612374368,439.4768807690173,0,0,0,0,0,0,0,0,0,0,.0029319485473841,-2.54963900175495,76.64501204569845,62.11054052614739,68.76686043086166,70.02266120848667,71.34202079565141,33.02103889459668,21.73749648576851,96.60039342609035,135.4136074279315
evreg2,10.relative_year_bin_aux#1.treat,100.9051396232357,439.4768807690173,0,0,0,0,0,0,0,0,0,0,-.254142260890667,80.65525567989896,167.8402482141714,94.70700319000524,152.4380639292245,102.9528069465642,179.5317427643319,78.77658997188342,101.9097030626289,135.4136074279315,449.5910733099794
evreg3,1bno.relative_year_bin_aux,0,439.4768807690173,0,0,0,0,0,0,0,0,0,0,0,0,0,0,0,0,0,0,0,0,0
evreg3,2o.relative_year_bin_aux,0,439.4768807690173,0,0,0,0,0,0,0,0,0,0,0,0,0,0,0,0,0,0,0,0,0
evreg3,3o.relative_year_bin_aux,0,439.4768807690173,0,0,0,0,0,0,0,0,0,0,0,0,0,0,0,0,0,0,0,0,0
evreg3,4o.relative_year_bin_aux,0,439.4768807690173,0,0,0,0,0,0,0,0,0,0,0,0,0,0,0,0,0,0,0,0,0
evreg3,5o.relative_year_bin_aux,0,439.4768807690173,0,0,0,0,0,0,0,0,0,0,0,0,0,0,0,0,0,0,0,0,0
evreg3,6o.relative_year_bin_aux,0,439.4768807690173,0,0,0,0,0,0,0,0,0,0,0,0,0,0,0,0,0,0,0,0,0
evreg3,7o.relative_year_bin_aux,0,439.4768807690173,0,0,0,0,0,0,0,0,0,0,0,0,0,0,0,0,0,0,0,0,0
evreg3,9o.relative_year_bin_aux,0,439.4768807690173,0,0,0,0,0,0,0,0,0,0,0,0,0,0,0,0,0,0,0,0,0
evreg3,10o.relative_year_bin_aux,0,439.4768807690173,0,0,0,0,0,0,0,0,0,0,0,0,0,0,0,0,0,0,0,0,0
evreg3,1o.treat,0,439.4768807690173,0,0,0,0,0,0,0,0,0,0,0,0,0,0,0,0,0,0,0,0,0
evreg3,wind_direction,-.7166764035755336,439.4768807690173,0,0,0,0,0,0,0,0,0,0,.0089400109943461,-1.158272945781916,.0656812937149962,.038090017344817,-.0264326220720745,-.0094829513643262,-.0951669939567861,-.1326584843161179,-.199524005179784,.0147289156724775,-.3253010790941026
evreg3,av_wind_speed,156.2882130182297,439.4768807690173,0,0,0,0,0,0,0,0,0,0,-1.158272945781916,399.3190734803203,-50.17711769875025,-14.80143896829439,-5.93050661924867,-23.75741364880883,-2.846894820999196,17.39205001052395,40.82610550974321,-8.271331965688193,90.93784975146897
evreg3,1bn.relative_year_bin_aux#1.treat,24.2967713345684,439.4768807690173,0,0,0,0,0,0,0,0,0,0,.0656812937149962,-50.17711769875025,314.0356780324622,253.834271783272,263.7585398883535,235.0961739401274,181.2070009960412,90.78913926682966,48.08989766393105,75.52824921639558,134.0199717607221
evreg3,2.relative_year_bin_aux#1.treat,37.19151626167169,439.4768807690173,0,0,0,0,0,0,0,0,0,0,.038090017344817,-14.80143896829439,253.834271783272,268.5852248432461,249.3851025996273,224.826198083351,170.1018299440615,88.39068714274896,40.47779166505896,83.54328920844465,146.2587999663424
evreg3,3.relative_year_bin_aux#1.treat,40.84198344275652,439.4768807690173,0,0,0,0,0,0,0,0,0,0,-.0264326220720745,-5.93050661924867,263.7585398883535,249.3851025996273,284.9467337275701,225.9771551118286,203.5837035964418,117.0866412068802,78.86665697604765,83.9407049739291,197.6228749888434
evreg3,4.relative_year_bin_aux#1.treat,33.32135723932239,439.4768807690173,0,0,0,0,0,0,0,0,0,0,-.0094829513643262,-23.75741364880883,235.0961739401274,224.826198083351,225.9771551118286,237.1103977135233,173.0175328018355,90.96886943122227,49.18574063833265,89.59539747154565,151.5422438032464
evreg3,5.relative_year_bin_aux#1.treat,51.54019348878901,439.4768807690173,0,0,0,0,0,0,0,0,0,0,-.0951669939567861,-2.846894820999196,181.2070009960412,170.1018299440615,203.5837035964418,173.0175328018355,215.2606950199254,120.0363439147855,95.93945476873841,73.90859179451587,208.5558694475195
evreg3,6.relative_year_bin_aux#1.treat,19.67681324441079,439.4768807690173,0,0,0,0,0,0,0,0,0,0,-.1326584843161179,17.39205001052395,90.78913926682966,88.39068714274896,117.0866412068802,90.96886943122227,120.0363439147855,116.831523467121,75.71205413831525,41.01739512986958,111.9545932722139
evreg3,7.relative_year_bin_aux#1.treat,31.39604209538521,439.4768807690173,0,0,0,0,0,0,0,0,0,0,-.199524005179784,40.82610550974321,48.08989766393105,40.47779166505896,78.86665697604765,49.18574063833265,95.93945476873841,75.71205413831525,107.4994969764484,19.07635500218414,135.9486710796487
evreg3,9.relative_year_bin_aux#1.treat,41.54318148512398,439.4768807690173,0,0,0,0,0,0,0,0,0,0,.0147289156724775,-8.271331965688193,75.52824921639558,83.54328920844465,83.9407049739291,89.59539747154565,73.90859179451587,41.01739512986958,19.07635500218414,94.49607958029848,109.7960235459997
evreg3,10.relative_year_bin_aux#1.treat,100.3911134954585,439.4768807690173,0,0,0,0,0,0,0,0,0,0,-.3253010790941026,90.93784975146897,134.0199717607221,146.2587999663424,197.6228749888434,151.5422438032464,208.5558694475195,111.9545932722139,135.9486710796487,109.7960235459997,438.02623752141
evreg4,1bn.relative_year_bin_aux,-84.65923297553084,439.4768807690173,400.9119754828159,352.9451435567534,303.1389597016282,220.3663013739499,160.1471990662514,120.8135716246231,80.24504060450485,-69.78174537187101,-121.007318676711,0,1.458314043230924,-17.34045812564322,-.8133547398359509,20.67140001775114,-3.617654945552585,7.190492480619961,-14.06365702929622,-3.195801735644538,-17.58666221713808,-17.27415640578089,-81.43112365857
evreg4,2.relative_year_bin_aux,-86.05946493388126,439.4768807690173,352.9451435567534,312.2057824518306,268.2103659371791,193.9675770014045,141.2691906965526,106.6125537525201,71.4728769220509,-62.96974835112411,-107.9313931662872,0,1.325006183023954,-19.60700742830042,-.9009116914798684,17.19198379447666,-4.023831019541352,6.078643197526425,-12.39676080403367,-2.93945477888057,-16.02946283907513,-13.58232317976478,-70.03628283413691
evreg4,3.relative_year_bin_aux,-65.91005393055063,439.4768807690173,303.1389597016282,268.2103659371791,232.092131495292,169.192494515185,123.274646082473,92.78178540305434,61.65944807676023,-53.06332627842526,-91.74996730126861,0,1.141266525339634,-17.48188031696247,-4.785714268095323,11.13664066860544,-7.777058655188781,.8238804026242021,-13.89829780050298,-4.963785783196557,-14.79272055840386,-11.32836057897457,-59.10844152099472
evreg4,4.relative_year_bin_aux,-28.31247910941636,439.4768807690173,220.3663013739499,193.9675770014045,169.192494515185,127.2561929649511,92.75656982817927,68.91935480031077,44.68900171625062,-36.06003810906942,-63.07580041280113,0,.7597156031740416,-12.21502359444734,-11.17947170483652,1.380849967163086,-12.44869202920018,-7.728798930521044,-17.21419017794916,-7.637740254515331,-12.67835558981506,-10.28722991624446,-46.37916808839535
evreg4,5.relative_year_bin_aux,-21.23593490204113,439.4768807690173,160.1471990662514,141.2691906965526,123.274646082473,92.75656982817927,69.63052843160371,51.95892064164426,33.69945568256005,-26.56609951395999,-45.00582220687505,0,.5633566923702851,-11.34251545454481,-7.883849802835795,.9520415352021746,-9.118867646387228,-5.75908112840878,-14.46058392447812,-7.329734391390988,-10.64799001077107,-7.434681769231238,-35.17771756044955
evreg4,6.relative_year_bin_aux,-13.15965068798224,439.4768807690173,120.8135716246231,106.6125537525201,92.78178540305434,68.91935480031077,51.95892064164426,40.72132826129133,26.63115340915442,-20.53089895658922,-35.25983342024526,0,.4332643693625264,-8.673290959216565,-1.658134847453512,4.437959903456118,-3.36584330580763,-.9188307130818469,-8.082195337630408,-5.715477690044144,-8.255485188172269,-4.877858767503351,-24.43860542225352
evreg4,7.relative_year_bin_aux,-21.05845070516447,439.4768807690173,80.24504060450485,71.4728769220509,61.65944807676023,44.68900171625062,33.69945568256005,26.63115340915442,19.0243304142951,-16.24268013357596,-26.40102602374995,0,.3353840882395874,-9.227736554451335,3.1052157162077,6.541075433466431,1.419345614949402,2.775690222384048,-1.955920897063242,-1.895281857866146,-5.665422984254194,-.4279002871588483,-12.48162970701846
evreg4,9.relative_year_bin_aux,38.54737292349338,439.4768807690173,-69.78174537187101,-62.96974835112411,-53.06332627842526,-36.06003810906942,-26.56609951395999,-20.53089895658922,-16.24268013357596,18.55260573121846,29.46461409889844,0,-.3423127657034298,10.10530004784214,-11.93972223704406,-13.90884258575419,-8.673952667269832,-9.804800918589695,-4.521675516003952,-3.930589627627108,2.713424417243752,-1.490833662231575,8.827006480453603
evreg4,10.relative_year_bin_aux,49.62627095510224,439.4768807690173,-121.007318676711,-107.9313931662872,-91.74996730126861,-63.07580041280113,-45.00582220687505,-35.25983342024526,-26.40102602374995,29.46461409889844,51.69208440539995,0,-.5633675581396538,9.561339196804203,-20.40279328271577,-24.92789644480135,-14.54534011698826,-16.6380805711801,-7.720401989268124,-6.944446441093113,2.927349708301381,.4074600011032911,16.20329656235288
evreg4,1o.treat,0,439.4768807690173,0,0,0,0,0,0,0,0,0,0,0,0,0,0,0,0,0,0,0,0,0
evreg4,wind_direction,-1.251323377880352,439.4768807690173,1.458314043230924,1.325006183023954,1.141266525339634,.7597156031740416,.5633566923702851,.4332643693625264,.3353840882395874,-.3423127657034298,-.5633675581396538,0,.0101121033752132,-.1997010631361085,.0885743081091498,.1738163183651989,.0812242360361081,.1290780032030835,.0631716091111851,.047625336071157,-.0501931201458304,.0812266763227267,-.0848629526410932
evreg4,av_wind_speed,67.619501868306,439.4768807690173,-17.34045812564322,-19.60700742830042,-17.48188031696247,-12.21502359444734,-11.34251545454481,-8.673290959216565,-9.227736554451335,10.10530004784214,9.561339196804203,0,-.1997010631361085,57.37664096033776,-.866732297482654,-.0628849018720964,.9245382765563488,2.120642848645423,3.492158272868247,2.990737251956541,6.389796392238191,-4.839477492776898,1.645866306914758
evreg4,1bn.relative_year_bin_aux#1.treat,27.43506014398269,439.4768807690173,-.8133547398359509,-.9009116914798684,-4.785714268095323,-11.17947170483652,-7.883849802835795,-1.658134847453512,3.1052157162077,-11.93972223704406,-20.40279328271577,0,.0885743081091498,-.866732297482654,317.749186841124,246.3466043602466,269.26091639409,209.8124302533107,207.1496546447961,115.1391351160082,81.85955935825412,70.07225342978133,159.7224258426162
evreg4,2.relative_year_bin_aux#1.treat,12.06336639925026,439.4768807690173,20.67140001775114,17.19198379447666,11.13664066860544,1.380849967163086,.9520415352021746,4.437959903456118,6.541075433466431,-13.90884258575419,-24.92789644480135,0,.1738163183651989,-.0628849018720964,246.3466043602466,236.2452602031385,218.8026278309004,183.9909753559561,155.644048218688,85.42816995283252,40.95633253021246,53.63296254071032,81.88554435603103
evreg4,3.relative_year_bin_aux#1.treat,7.826717842151279,439.4768807690173,-3.617654945552585,-4.023831019541352,-7.777058655188781,-12.44869202920018,-9.118867646387228,-3.36584330580763,1.419345614949402,-8.673952667269832,-14.54534011698826,0,.0812242360361081,.9245382765563488,269.26091639409,218.8026278309004,259.7498663167845,180.9858773891615,193.4359128393462,113.5937392286823,83.82042747982121,68.14251692451604,157.9130673723077
evreg4,4.relative_year_bin_aux#1.treat,43.71350875900613,439.4768807690173,7.190492480619961,6.078643197526425,.8238804026242021,-7.728798930521044,-5.75908112840878,-.9188307130818469,2.775690222384048,-9.804800918589695,-16.6380805711801,0,.1290780032030835,2.120642848645423,209.8124302533107,183.9909753559561,180.9858773891615,178.9533127942088,137.5262082008929,70.02319179003189,39.06218424380401,60.31162988876283,91.1894511128101
evreg4,5.relative_year_bin_aux#1.treat,28.49365719173732,439.4768807690173,-14.06365702929622,-12.39676080403367,-13.89829780050298,-17.21419017794916,-14.46058392447812,-8.082195337630408,-1.955920897063242,-4.521675516003952,-7.720401989268124,0,.0631716091111851,3.492158272868247,207.1496546447961,155.644048218688,193.4359128393462,137.5262082008929,198.0210518079296,100.1949268280282,93.87745517136841,74.92745130521286,192.256199562192
evreg4,6.relative_year_bin_aux#1.treat,-25.24324378197849,439.4768807690173,-3.195801735644538,-2.93945477888057,-4.963785783196557,-7.637740254515331,-7.329734391390988,-5.715477690044144,-1.895281857866146,-3.930589627627108,-6.944446441093113,0,.047625336071157,2.990737251956541,115.1391351160082,85.42816995283252,113.5937392286823,70.02319179003189,100.1949268280282,87.37494775691313,64.7573521982832,32.14493153251016,86.65096455635798
evreg4,7.relative_year_bin_aux#1.treat,-12.27922591650329,439.4768807690173,-17.58666221713808,-16.02946283907513,-14.79272055840386,-12.67835558981506,-10.64799001077107,-8.255485188172269,-5.665422984254194,2.713424417243752,2.927349708301381,0,-.0501931201458304,6.389796392238191,81.85955935825412,40.95633253021246,83.82042747982121,39.06218424380401,93.87745517136841,64.7573521982832,101.0160137336149,27.46286519044802,116.6914237648567
evreg4,9.relative_year_bin_aux#1.treat,62.23565391715434,439.4768807690173,-17.27415640578089,-13.58232317976478,-11.32836057897457,-10.28722991624446,-7.434681769231238,-4.877858767503351,-.4279002871588483,-1.490833662231575,.4074600011032911,0,.0812266763227267,-4.839477492776898,70.07225342978133,53.63296254071032,68.14251692451604,60.31162988876283,74.92745130521286,32.14493153251016,27.46286519044802,93.70067231503241,135.2793773480057
evreg4,10.relative_year_bin_aux#1.treat,51.09612570021824,439.4768807690173,-81.43112365857,-70.03628283413691,-59.10844152099472,-46.37916808839535,-35.17771756044955,-24.43860542225352,-12.48162970701846,8.827006480453603,16.20329656235288,0,-.0848629526410932,1.645866306914758,159.7224258426162,81.88554435603103,157.9130673723077,91.1894511128101,192.256199562192,86.65096455635798,116.6914237648567,135.2793773480057,396.9977369890674
evreg5,1bn.relative_year_bin_aux,-109.2181146013564,439.4768807690173,354.0044479070048,318.172887144377,281.0664291825899,202.5204997959343,141.755415552165,106.1116494299499,73.62799159787332,-73.71317997700409,-142.0983807348499,0,1.433250661790722,-25.34281763136286,-41.17206114830988,-5.356693504780164,-2.822887619868454,11.59206265135193,-37.77553804696735,-30.65538028581333,-32.24464719504489,-20.99106732859963,-151.2097290978231
evreg5,2.relative_year_bin_aux,-104.6980909736335,439.4768807690173,318.172887144377,287.2629564096373,254.0349037498191,182.560076504406,127.5936193438998,95.49184670572185,66.65456120035385,-66.99131970923537,-128.5836078787247,0,1.312036870835727,-25.96058105624124,-35.98801779930762,-5.136856406687478,-2.654245182821646,10.64383000486881,-32.44031646816676,-26.49962664430159,-28.71327287593839,-17.27709285661564,-132.679816539146
evreg5,3.relative_year_bin_aux,-83.32529065442513,439.4768807690173,281.0664291825899,254.0349037498191,226.3687892152483,163.6863497878874,113.7812757226377,84.7887903429416,58.86352798510183,-58.90686850170004,-114.7320791317479,0,1.146817208767775,-23.39057008401582,-28.22170785638614,-1.661589007415222,.454814065686751,11.3744652931913,-27.14347548428143,-23.59437827765207,-25.50942801299216,-14.5404278888714,-113.3352219491889
evreg5,4.relative_year_bin_aux,-44.91973467936779,439.4768807690173,202.5204997959343,182.560076504406,163.6863497878874,122.9805589380399,85.57430443534886,62.29547389698129,42.56520344644561,-40.29806951886034,-80.15958253779627,0,.7553979750370901,-19.33820561040405,-24.79664879041296,-5.080241191918968,-4.630933699380893,1.360936118720225,-26.72797254828518,-21.30855556346859,-20.58635368242777,-12.77722811170792,-88.86738158193772
evreg5,5.relative_year_bin_aux,-33.80384836834693,439.4768807690173,141.755415552165,127.5936193438998,113.7812757226377,85.57430443534886,62.10308118072764,46.20490503260705,31.65577517828767,-28.59603745282213,-54.08465139413194,0,.5600154184191817,-12.94620577015826,-18.36113232172023,-3.977641248478081,-4.766997081666617,-.3969889488650023,-21.04089318748525,-15.80484008734101,-14.79610181386575,-8.878038974913443,-64.30939590930443
evreg5,6.relative_year_bin_aux,-25.48648713151919,439.4768807690173,106.1116494299499,95.49184670572185,84.7887903429416,62.29547389698129,46.20490503260705,37.10321555782701,25.75884503705905,-22.44293489736849,-42.08356784467436,0,.4550511877710725,-9.144670454980991,-10.326181691499,.2319850682239902,-.9342857085709126,2.4241272551016,-12.79962457855773,-11.40147916047752,-10.95084440297988,-5.457873867358289,-43.31689081571344
evreg5,7.relative_year_bin_aux,-24.65016353084575,439.4768807690173,73.62799159787332,66.65456120035385,58.86352798510183,42.56520344644561,31.65577517828767,25.75884503705905,19.1867299839618,-17.41729707317275,-30.17803481132123,0,.3471930525154335,-8.523169040390052,-6.109317462156657,.7933458679080078,.7787585685941746,2.995977085343409,-6.579423930063974,-6.694143750330097,-8.016008878315933,-1.223851380059238,-26.72860186142089
evreg5,9.relative_year_bin_aux,33.57495768741223,439.4768807690173,-73.71317997700409,-66.99131970923537,-58.90686850170004,-40.29806951886034,-28.59603745282213,-22.44293489736849,-17.41729707317275,20.61132405899972,35.32005556590895,0,-.360010511275507,6.232157028643115,.4418109696238627,-6.294162737979842,-8.772469895954872,-11.14844515354517,.4398499778801997,2.364779990551789,6.111894522172791,.0161103364409844,25.51173848957175
evreg5,10.relative_year_bin_aux,30.66037324133429,439.4768807690173,-142.0983807348499,-128.5836078787247,-114.7320791317479,-80.15958253779627,-54.08465139413194,-42.08356784467436,-30.17803481132123,35.32005556590895,72.30616844352822,0,-.5894822381024495,3.950496878323031,1.23403942862165,-11.19324027768028,-15.635660014196,-19.53241266265588,1.877469418362057,6.668760499602835,11.33578456113609,4.98087657795844,49.1917525838134
evreg5,1o.treat,0,439.4768807690173,0,0,0,0,0,0,0,0,0,0,0,0,0,0,0,0,0,0,0,0,0
evreg5,wind_direction,-1.245779288557676,439.4768807690173,1.433250661790722,1.312036870835727,1.146817208767775,.7553979750370901,.5600154184191817,.4550511877710725,.3471930525154335,-.360010511275507,-.5894822381024495,0,.0098618493750066,-.194766832458068,-.0274720696603077,.1025173219201365,.0940390488244236,.1623394597843401,.0169759797257237,-.0051530060767481,-.0673306905399843,.0684272901374269,-.2935624364158358
evreg5,av_wind_speed,66.58640783162677,439.4768807690173,-25.34281763136286,-25.96058105624124,-23.39057008401582,-19.33820561040405,-12.94620577015826,-9.144670454980991,-8.523169040390052,6.232157028643115,3.950496878323031,0,-.194766832458068,56.96469274633053,.8837817534976329,-.7108053271130055,1.02150886821027,1.093890952533011,5.894694936798792,5.590769422014193,6.306401411447069,-5.437979517229388,2.557681948941444
evreg5,1bn.relative_year_bin_aux#1.treat,63.52658631348057,439.4768807690173,-41.17206114830988,-35.98801779930762,-28.22170785638614,-24.79664879041296,-18.36113232172023,-10.326181691499,-6.109317462156657,.4418109696238627,1.23403942862165,0,-.0274720696603077,.8837817534976329,319.5196968098313,249.245667771499,278.6711147834086,224.9910226353332,205.6662571103236,115.5753575394465,81.49902495493779,80.83272391179128,203.3236589431359
evreg5,2.relative_year_bin_aux#1.treat,26.81619581492086,439.4768807690173,-5.356693504780164,-5.136856406687478,-1.661589007415222,-5.080241191918968,-3.977641248478081,.2319850682239902,.7933458679080078,-6.294162737979842,-11.19324027768028,0,.1025173219201365,-.7108053271130055,249.245667771499,243.5502191247309,235.9316993068294,205.8670116651232,154.9943650870524,81.45352238248894,39.33434412574859,63.37596042245489,111.6520247295133
evreg5,3.relative_year_bin_aux#1.treat,2.799658159298644,439.4768807690173,-2.822887619868454,-2.654245182821646,.454814065686751,-4.630933699380893,-4.766997081666617,-.9342857085709126,.7787585685941746,-8.772469895954872,-15.635660014196,0,.0940390488244236,1.02150886821027,278.6711147834086,235.9316993068294,296.9127296440629,218.3033838361155,187.916774602843,104.4933432043517,78.35684940519192,74.36481042584985,162.9021535632287
evreg5,4.relative_year_bin_aux#1.treat,28.71595179322079,439.4768807690173,11.59206265135193,10.64383000486881,11.3744652931913,1.360936118720225,-.3969889488650023,2.4241272551016,2.995977085343409,-11.14844515354517,-19.53241266265588,0,.1623394597843401,1.093890952533011,224.9910226353332,205.8670116651232,218.3033838361155,218.1360400276981,141.8903937905312,67.25071136792937,35.56030994741331,70.22464766474928,103.891477945779
evreg5,5.relative_year_bin_aux#1.treat,54.80389617764462,439.4768807690173,-37.77553804696735,-32.44031646816676,-27.14347548428143,-26.72797254828518,-21.04089318748525,-12.79962457855773,-6.579423930063974,.4398499778801997,1.877469418362057,0,.0169759797257237,5.894694936798792,205.6662571103236,154.9943650870524,187.916774602843,141.8903937905312,198.1525110826112,107.4711513134785,89.32527533434315,76.26870484377041,207.9845380770364
evreg5,6.relative_year_bin_aux#1.treat,3.379210517847469,439.4768807690173,-30.65538028581333,-26.49962664430159,-23.59437827765207,-21.30855556346859,-15.80484008734101,-11.40147916047752,-6.694143750330097,2.364779990551789,6.668760499602835,0,-.0051530060767481,5.590769422014193,115.5753575394465,81.45352238248894,104.4933432043517,67.25071136792937,107.4711513134785,98.23464325309864,67.65934424612696,37.49847866862801,108.9089625487704
evreg5,7.relative_year_bin_aux#1.treat,-2.967181780816261,439.4768807690173,-32.24464719504489,-28.71327287593839,-25.50942801299216,-20.58635368242777,-14.79610181386575,-10.95084440297988,-8.016008878315933,6.111894522172791,11.33578456113609,0,-.0673306905399843,6.306401411447069,81.49902495493779,39.33434412574859,78.35684940519192,35.56030994741331,89.32527533434315,67.65934424612696,100.1942076008695,27.74999639130245,126.169630081003
evreg5,9.relative_year_bin_aux#1.treat,59.69935829182825,439.4768807690173,-20.99106732859963,-17.27709285661564,-14.5404278888714,-12.77722811170792,-8.878038974913443,-5.457873867358289,-1.223851380059238,.0161103364409844,4.98087657795844,0,.0684272901374269,-5.437979517229388,80.83272391179128,63.37596042245489,74.36481042584985,70.22464766474928,76.26870484377041,37.49847866862801,27.74999639130245,99.56521079426366,140.4161587806991
evreg5,10.relative_year_bin_aux#1.treat,105.8927579988764,439.4768807690173,-151.2097290978231,-132.679816539146,-113.3352219491889,-88.86738158193772,-64.30939590930443,-43.31689081571344,-26.72860186142089,25.51173848957175,49.1917525838134,0,-.2935624364158358,2.557681948941444,203.3236589431359,111.6520247295133,162.9021535632287,103.891477945779,207.9845380770364,108.9089625487704,126.169630081003,140.4161587806991,468.0000923687795
evreg6,1bn.relative_year_bin_aux,-205.3061446086463,439.4768807690173,665.0573958318722,571.6792313789813,479.2164735611761,370.1927633738387,272.1788614356942,178.7824950966539,101.325346675215,-140.1346506949783,-249.7436514020324,0,2.381777287050755,-44.02482624295397,-4.085096191330483,-22.26046459904816,-38.61069083215935,-13.75206596414651,-53.72295755205566,-36.65377454377445,-75.47769977913936,7.401466513313164,-148.7547395177022
evreg6,2.relative_year_bin_aux,-168.8072748351062,439.4768807690173,571.6792313789813,496.4068120938155,419.1200772276659,326.1163496707127,240.6400475317045,157.9078648218155,87.74787903712136,-120.2237898045605,-217.0065059886919,0,2.043714723727132,-39.75872528021241,-13.80832911063236,-28.29882981845443,-42.89760106895916,-20.72807449420238,-52.83620525406008,-34.45679995486746,-66.35334775255005,4.61761981869156,-131.0963974653613
evreg6,3.relative_year_bin_aux,-118.7917356697239,439.4768807690173,479.2164735611761,419.1200772276659,360.7888373445637,285.5170870102988,213.2819722126405,142.4779638483329,77.53859506900994,-101.6570454134354,-186.5377102971964,0,1.67420958557106,-30.89331364509248,-10.61472518748108,-23.10599737195926,-35.40265935823407,-16.31810166937368,-41.99538309056458,-27.73915587296618,-54.69068792057955,2.741147486206165,-111.1619785504701
evreg6,4.relative_year_bin_aux,-71.78758918194166,439.4768807690173,370.1927633738387,326.1163496707127,285.5170870102988,234.6678442647487,180.5706544353091,122.8358545547534,66.74427899736098,-79.9412159633998,-144.8192038811087,0,1.238169606385124,-25.58994194918964,-13.27151804299485,-22.91800242870016,-31.75645419448324,-17.93188259666514,-35.94275569107423,-22.47849903356749,-44.26425422960178,.4035073671950449,-92.68176742086597
evreg6,5.relative_year_bin_aux,-38.10890052421329,439.4768807690173,272.1788614356942,240.6400475317045,213.2819722126405,180.5706544353091,145.4517077643115,102.4220198170574,56.52840812737418,-62.11662032608444,-109.9914294302502,0,.8869939711138671,-18.21607879412045,-8.543223525381077,-16.26248255576997,-21.56736614940293,-11.72763976775385,-23.77475861717586,-14.61467220562199,-32.73514403083804,-.2875446936609677,-71.41962216894969
evreg6,6.relative_year_bin_aux,-11.3807561970202,439.4768807690173,178.7824950966539,157.9078648218155,142.4779638483329,122.8358545547534,102.4220198170574,77.45203713657735,43.66456522937465,-43.91887662012567,-78.74815830642802,0,.5565684024543629,-10.37008896332993,-.8152882581387537,-6.843157905100388,-10.46164291636986,-4.001694782675848,-10.27759461126794,-7.364559749309033,-20.17801763557072,-1.564787860247487,-47.13525750518534
evreg6,7.relative_year_bin_aux,-21.25128890845475,439.4768807690173,101.325346675215,87.74787903712136,77.53859506900994,66.74427899736098,56.52840812737418,43.66456522937465,27.53966547460174,-28.17735749872864,-45.46936938334351,0,.3407670312493243,-7.923774130547457,3.009773662525848,-.4777568575370308,-1.886827249215364,1.314032418363527,-1.085995160597271,-.4176321084838434,-10.23782957648795,.8214380770833423,-23.98014259124889
evreg6,9.relative_year_bin_aux,49.17023742009195,439.4768807690173,-140.1346506949783,-120.2237898045605,-101.6570454134354,-79.9412159633998,-62.11662032608444,-43.91887662012567,-28.17735749872864,39.86012401413158,69.21128637182258,0,-.5524871903912533,7.169387994790963,-2.945016291457253,-.2337572137214813,2.139550786796092,-3.331856241389208,1.095907305170929,-.0945959689393432,13.08772022404783,-3.562107566929804,27.63083132600883
evreg6,10.relative_year_bin_aux,55.22989211649525,439.4768807690173,-249.7436514020324,-217.0065059886919,-186.5377102971964,-144.8192038811087,-109.9914294302502,-78.74815830642802,-45.46936938334351,69.21128637182258,137.488964327787,0,-.9503600025632619,3.740372052335174,-1.671476603988168,1.649251700196716,8.785828014015978,-1.738719558725074,7.408331392429236,4.996552253344142,25.06100479570968,-.8715255627010281,54.70992023369394
evreg6,1o.treat,0,439.4768807690173,0,0,0,0,0,0,0,0,0,0,0,0,0,0,0,0,0,0,0,0,0
evreg6,wind_direction,-1.401816657199255,439.4768807690173,2.381777287050755,2.043714723727132,1.67420958557106,1.238169606385124,.8869939711138671,.5565684024543629,.3407670312493243,-.5524871903912533,-.9503600025632619,0,.0125721993538573,-.1671342074130107,.0141158731555258,.0320904237575842,-.0264236705370712,.0324710915353929,-.0717577904173533,-.0592945513188311,-.2011518449114691,.1205812164972705,-.2386008369479274
evreg6,av_wind_speed,55.69602893969686,439.4768807690173,-44.02482624295397,-39.75872528021241,-30.89331364509248,-25.58994194918964,-18.21607879412045,-10.37008896332993,-7.923774130547457,7.169387994790963,3.740372052335174,0,-.1671342074130107,55.91419143464645,.0196441603508912,4.60262046563146,9.713103055585497,4.289936772519362,10.71411614357414,12.88231550948894,10.00581545332191,-3.460205903930265,5.64639391471866
evreg6,1bn.relative_year_bin_aux#1.treat,28.17068323458138,439.4768807690173,-4.085096191330483,-13.80832911063236,-10.61472518748108,-13.27151804299485,-8.543223525381077,-.8152882581387537,3.009773662525848,-2.945016291457253,-1.671476603988168,0,.0141158731555258,.0196441603508912,321.9411728191198,260.1703802969749,273.6692331493222,242.7057627904867,192.459471392665,98.81832276871751,62.32528895554946,73.32933629690827,150.9559700929674
evreg6,2.relative_year_bin_aux#1.treat,34.6220436772046,439.4768807690173,-22.26046459904816,-28.29882981845443,-23.10599737195926,-22.91800242870016,-16.26248255576997,-6.843157905100388,-.4777568575370308,-.2337572137214813,1.649251700196716,0,.0320904237575842,4.60262046563146,260.1703802969749,268.5972287061629,252.8623661737443,226.7188335027549,173.2183270225123,91.44248949417027,44.57654513271985,83.64854759142241,145.2998127529566
evreg6,3.relative_year_bin_aux#1.treat,38.1893311306287,439.4768807690173,-38.61069083215935,-42.89760106895916,-35.40265935823407,-31.75645419448324,-21.56736614940293,-10.46164291636986,-1.886827249215364,2.139550786796092,8.785828014015978,0,-.0264236705370712,9.713103055585497,273.6692331493222,252.8623661737443,294.1147708215026,232.3887223111922,212.4821359610427,124.3484566196906,88.38341803523818,86.31823981563841,205.836485480188
evreg6,4.relative_year_bin_aux#1.treat,32.71983772687178,439.4768807690173,-13.75206596414651,-20.72807449420238,-16.31810166937368,-17.93188259666514,-11.72763976775385,-4.001694782675848,1.314032418363527,-3.331856241389208,-1.738719558725074,0,.0324710915353929,4.289936772519362,242.7057627904867,226.7188335027549,232.3887223111922,242.214192119821,179.2917741699762,95.17422437712692,54.84902584418695,91.10870206795509,157.1661643406026
evreg6,5.relative_year_bin_aux#1.treat,49.96625536923248,439.4768807690173,-53.72295755205566,-52.83620525406008,-41.99538309056458,-35.94275569107423,-23.77475861717586,-10.27759461126794,-1.085995160597271,1.095907305170929,7.408331392429236,0,-.0717577904173533,10.71411614357414,192.459471392665,173.2183270225123,212.4821359610427,179.2917741699762,224.0938028942876,126.4977633788502,104.7381155554793,76.83800117843855,216.8328391511789
evreg6,6.relative_year_bin_aux#1.treat,16.69439937049995,439.4768807690173,-36.65377454377445,-34.45679995486746,-27.73915587296618,-22.47849903356749,-14.61467220562199,-7.364559749309033,-.4176321084838434,-.0945959689393432,4.996552253344142,0,-.0592945513188311,12.88231550948894,98.81832276871751,91.44248949417027,124.3484566196906,95.17422437712692,126.4977633788502,121.7030164461007,81.53342314411255,42.47274431888961,116.0172405039054
evreg6,7.relative_year_bin_aux#1.treat,33.1074693406818,439.4768807690173,-75.47769977913936,-66.35334775255005,-54.69068792057955,-44.26425422960178,-32.73514403083804,-20.17801763557072,-10.23782957648795,13.08772022404783,25.06100479570968,0,-.2011518449114691,10.00581545332191,62.32528895554946,44.57654513271985,88.38341803523818,54.84902584418695,104.7381155554793,81.53342314411255,118.8103622884855,18.58056462263566,143.0815324394496
evreg6,9.relative_year_bin_aux#1.treat,40.23343253368535,439.4768807690173,7.401466513313164,4.61761981869156,2.741147486206165,.4035073671950449,-.2875446936609677,-1.564787860247487,.8214380770833423,-3.562107566929804,-.8715255627010281,0,.1205812164972705,-3.460205903930265,73.32933629690827,83.64854759142241,86.31823981563841,91.10870206795509,76.83800117843855,42.47274431888961,18.58056462263566,98.36954919234778,116.716215410928
evreg6,10.relative_year_bin_aux#1.treat,93.89750054660617,439.4768807690173,-148.7547395177022,-131.0963974653613,-111.1619785504701,-92.68176742086597,-71.41962216894969,-47.13525750518534,-23.98014259124889,27.63083132600883,54.70992023369394,0,-.2386008369479274,5.64639391471866,150.9559700929674,145.2998127529566,205.836485480188,157.1661643406026,216.8328391511789,116.0172405039054,143.0815324394496,116.716215410928,438.187703840638
evreg7,1bn.relative_year_bin_aux,181.725719540186,439.4768807690173,1522.93498725507,1298.773623089783,1097.870555495483,890.1276065179387,663.4598493273211,449.3073018662154,215.8389493178471,-188.8945352212296,-387.6063009781497,0,-.031779409865775,-39.33226999034015,-67.6921391460447,-59.45499801883796,-77.23403573583134,-79.90585012480855,-95.21311940784517,-88.67809301447072,-56.80861612963893,-47.32362212228419,-164.5620950469586
