reg,var,beta,ymean,cov1,cov2,cov3,cov4,cov5,cov6,cov7,cov8,cov9,cov10,cov11,cov12,cov13,cov14,cov15,cov16,cov17,cov18,cov19,cov20,cov21
evreg1,1bno.relative_year_bin_aux,0,382.6429082514188,0,0,0,0,0,0,0,0,0,0,0,0,0,0,0,0,0,0,0,0,0
evreg1,2o.relative_year_bin_aux,0,382.6429082514188,0,0,0,0,0,0,0,0,0,0,0,0,0,0,0,0,0,0,0,0,0
evreg1,3o.relative_year_bin_aux,0,382.6429082514188,0,0,0,0,0,0,0,0,0,0,0,0,0,0,0,0,0,0,0,0,0
evreg1,4o.relative_year_bin_aux,0,382.6429082514188,0,0,0,0,0,0,0,0,0,0,0,0,0,0,0,0,0,0,0,0,0
evreg1,5o.relative_year_bin_aux,0,382.6429082514188,0,0,0,0,0,0,0,0,0,0,0,0,0,0,0,0,0,0,0,0,0
evreg1,6o.relative_year_bin_aux,0,382.6429082514188,0,0,0,0,0,0,0,0,0,0,0,0,0,0,0,0,0,0,0,0,0
evreg1,7o.relative_year_bin_aux,0,382.6429082514188,0,0,0,0,0,0,0,0,0,0,0,0,0,0,0,0,0,0,0,0,0
evreg1,9o.relative_year_bin_aux,0,382.6429082514188,0,0,0,0,0,0,0,0,0,0,0,0,0,0,0,0,0,0,0,0,0
evreg1,10o.relative_year_bin_aux,0,382.6429082514188,0,0,0,0,0,0,0,0,0,0,0,0,0,0,0,0,0,0,0,0,0
evreg1,1o.treat,0,382.6429082514188,0,0,0,0,0,0,0,0,0,0,0,0,0,0,0,0,0,0,0,0,0
evreg1,wind_direction,-.5990129924967461,382.6429082514188,0,0,0,0,0,0,0,0,0,0,.0061629784674633,-.8736860422263547,-.0107845952651279,.0441373291947415,.000544539311898,.0117711920388134,.0064406125407848,-.0255104039822069,-.0517395055298172,.0344234203075869,-.0639534061142362
evreg1,av_wind_speed,141.9826385449738,382.6429082514188,0,0,0,0,0,0,0,0,0,0,-.8736860422263547,307.2882359579172,-4.469195808787616,-9.070175819647584,-2.874667397543964,-10.52572267575874,-3.871541962216607,5.797590042024651,15.90129480321015,-13.92550941347823,19.91687787783239
evreg1,1bn.relative_year_bin_aux#1.treat,55.4824253183486,382.6429082514188,0,0,0,0,0,0,0,0,0,0,-.0107845952651279,-4.469195808787616,175.6848045165295,126.2666947745569,152.5791249754881,121.7673439958545,130.407247572474,61.76603628370189,43.72129719643414,62.34313150252656,136.6866711890519
evreg1,2.relative_year_bin_aux#1.treat,42.79950996862956,382.6429082514188,0,0,0,0,0,0,0,0,0,0,.0441373291947415,-9.070175819647584,126.2666947745569,121.687274276157,118.122521074653,103.9389618521509,94.02715403304811,43.24614350881361,19.32023959186046,48.10471386015456,79.331170990812
evreg1,3.relative_year_bin_aux#1.treat,38.9921007783586,382.6429082514188,0,0,0,0,0,0,0,0,0,0,.000544539311898,-2.874667397543964,152.5791249754881,118.122521074653,155.1590977097748,106.092302337069,125.1775214162534,64.98221934959619,49.26867363026722,54.26836366590382,125.0519235036039
evreg1,4.relative_year_bin_aux#1.treat,53.28119257646316,382.6429082514188,0,0,0,0,0,0,0,0,0,0,.0117711920388134,-10.52572267575874,121.7673439958545,103.9389618521509,106.092302337069,112.915894069981,89.89882571956001,38.0709840512776,19.81270680122259,52.91086443566081,82.94589834657049
evreg1,5.relative_year_bin_aux#1.treat,38.34735736566989,382.6429082514188,0,0,0,0,0,0,0,0,0,0,.0064406125407848,-3.871541962216607,130.407247572474,94.02715403304811,125.1775214162534,89.89882571956001,136.901588624481,61.43244188862664,58.60278732331923,56.12732908717322,139.8510584044887
evreg1,6.relative_year_bin_aux#1.treat,-16.24118893473062,382.6429082514188,0,0,0,0,0,0,0,0,0,0,-.0255104039822069,5.797590042024651,61.76603628370189,43.24614350881361,64.98221934959619,38.0709840512776,61.43244188862664,56.66713859331648,42.13338804189439,21.5011324880414,59.21194285385146
evreg1,7.relative_year_bin_aux#1.treat,-13.61209609405418,382.6429082514188,0,0,0,0,0,0,0,0,0,0,-.0517395055298172,15.90129480321015,43.72129719643414,19.32023959186046,49.26867363026722,19.81270680122259,58.60278732331923,42.13338804189439,65.26189959095733,16.39584622874209,71.74026027318334
evreg1,9.relative_year_bin_aux#1.treat,41.23435368152364,382.6429082514188,0,0,0,0,0,0,0,0,0,0,.0344234203075869,-13.92550941347823,62.34313150252656,48.10471386015456,54.26836366590382,52.91086443566081,56.12732908717322,21.5011324880414,16.39584622874209,65.81175377487884,87.52349783287043
evreg1,10.relative_year_bin_aux#1.treat,33.13215174717165,382.6429082514188,0,0,0,0,0,0,0,0,0,0,-.0639534061142362,19.91687787783239,136.6866711890519,79.331170990812,125.0519235036039,82.94589834657049,139.8510584044887,59.21194285385146,71.74026027318334,87.52349783287043,248.7352956440112
evreg2,1bno.relative_year_bin_aux,0,382.6429082514188,0,0,0,0,0,0,0,0,0,0,0,0,0,0,0,0,0,0,0,0,0
evreg2,2o.relative_year_bin_aux,0,382.6429082514188,0,0,0,0,0,0,0,0,0,0,0,0,0,0,0,0,0,0,0,0,0
evreg2,3o.relative_year_bin_aux,0,382.6429082514188,0,0,0,0,0,0,0,0,0,0,0,0,0,0,0,0,0,0,0,0,0
evreg2,4o.relative_year_bin_aux,0,382.6429082514188,0,0,0,0,0,0,0,0,0,0,0,0,0,0,0,0,0,0,0,0,0
evreg2,5o.relative_year_bin_aux,0,382.6429082514188,0,0,0,0,0,0,0,0,0,0,0,0,0,0,0,0,0,0,0,0,0
evreg2,6o.relative_year_bin_aux,0,382.6429082514188,0,0,0,0,0,0,0,0,0,0,0,0,0,0,0,0,0,0,0,0,0
evreg2,7o.relative_year_bin_aux,0,382.6429082514188,0,0,0,0,0,0,0,0,0,0,0,0,0,0,0,0,0,0,0,0,0
evreg2,9o.relative_year_bin_aux,0,382.6429082514188,0,0,0,0,0,0,0,0,0,0,0,0,0,0,0,0,0,0,0,0,0
evreg2,10o.relative_year_bin_aux,0,382.6429082514188,0,0,0,0,0,0,0,0,0,0,0,0,0,0,0,0,0,0,0,0,0
evreg2,1o.treat,0,382.6429082514188,0,0,0,0,0,0,0,0,0,0,0,0,0,0,0,0,0,0,0,0,0
evreg2,wind_direction,-.5846753244673228,382.6429082514188,0,0,0,0,0,0,0,0,0,0,.0059508253527956,-.8487254455710385,.039578658625252,.1016901032436267,.0686718554274693,.0658619526254278,.0316449560303543,-.0133008984980178,-.0390148547144723,.0065189386590141,-.1720062203140904
evreg2,av_wind_speed,141.9010018652116,382.6429082514188,0,0,0,0,0,0,0,0,0,0,-.8487254455710385,306.1856601738497,-19.36797878591374,-26.96113283096698,-22.70136707924888,-25.24662496319651,-12.63537566214607,.024687419156065,10.27207381209209,-2.160552361035132,62.30270010564589
evreg2,1bn.relative_year_bin_aux#1.treat,18.6484197528702,382.6429082514188,0,0,0,0,0,0,0,0,0,0,.039578658625252,-19.36797878591374,230.5950241560377,185.5372398541852,211.2188342780753,171.4696275475239,149.1888585898617,75.13384637428547,54.25381389377023,57.22782929517877,131.4087868769224
evreg2,2.relative_year_bin_aux#1.treat,4.430290712696468,382.6429082514188,0,0,0,0,0,0,0,0,0,0,.1016901032436267,-26.96113283096698,185.5372398541852,185.658459907749,181.676437796706,158.862971357731,116.1803141264684,56.71977001551683,29.43987007539826,44.04650586774987,73.6843009135886
evreg2,3.relative_year_bin_aux#1.treat,-.2047173393821993,382.6429082514188,0,0,0,0,0,0,0,0,0,0,.0686718554274693,-22.70136707924888,211.2188342780753,181.676437796706,217.8760893095431,160.6359334192376,146.4711402419741,78.55506422502916,58.99081005848852,48.92818362340831,116.1643856182795
evreg2,4.relative_year_bin_aux#1.treat,18.99467803181479,382.6429082514188,0,0,0,0,0,0,0,0,0,0,.0658619526254278,-25.24662496319651,171.4696275475239,158.862971357731,160.6359334192376,162.0386674863871,110.0964702758465,50.77306317334236,28.62816388904243,51.90192061987158,82.04099449054797
evreg2,5.relative_year_bin_aux#1.treat,22.05505141933622,382.6429082514188,0,0,0,0,0,0,0,0,0,0,.0316449560303543,-12.63537566214607,149.1888585898617,116.1803141264684,146.4711402419741,110.0964702758465,145.2573593537695,71.96530206767223,65.34173008245386,53.68631980790575,140.8498391095516
evreg2,6.relative_year_bin_aux#1.treat,-22.19942065723914,382.6429082514188,0,0,0,0,0,0,0,0,0,0,-.0133008984980178,.024687419156065,75.13384637428547,56.71977001551683,78.55506422502916,50.77306317334236,71.96530206767223,67.0967434229445,49.23487151088631,20.66646533302118,54.55176569490781
evreg2,7.relative_year_bin_aux#1.treat,-18.98338574085309,382.6429082514188,0,0,0,0,0,0,0,0,0,0,-.0390148547144723,10.27207381209209,54.25381389377023,29.43987007539826,58.99081005848852,28.62816388904243,65.34173008245386,49.23487151088631,69.95247296644442,14.50658706131745,72.9371858105013
evreg2,9.relative_year_bin_aux#1.treat,53.86664314828876,382.6429082514188,0,0,0,0,0,0,0,0,0,0,.0065189386590141,-2.160552361035132,57.22782929517877,44.04650586774987,48.92818362340831,51.90192061987158,53.68631980790575,20.66646533302118,14.50658706131745,72.39423869765504,105.1561282556201
evreg2,10.relative_year_bin_aux#1.treat,88.16645390721887,382.6429082514188,0,0,0,0,0,0,0,0,0,0,-.1720062203140904,62.30270010564589,131.4087868769224,73.6843009135886,116.1643856182795,82.04099449054797,140.8498391095516,54.55176569490781,72.9371858105013,105.1561282556201,341.2588931519852
evreg3,1bno.relative_year_bin_aux,0,382.6429082514188,0,0,0,0,0,0,0,0,0,0,0,0,0,0,0,0,0,0,0,0,0
evreg3,2o.relative_year_bin_aux,0,382.6429082514188,0,0,0,0,0,0,0,0,0,0,0,0,0,0,0,0,0,0,0,0,0
evreg3,3o.relative_year_bin_aux,0,382.6429082514188,0,0,0,0,0,0,0,0,0,0,0,0,0,0,0,0,0,0,0,0,0
evreg3,4o.relative_year_bin_aux,0,382.6429082514188,0,0,0,0,0,0,0,0,0,0,0,0,0,0,0,0,0,0,0,0,0
evreg3,5o.relative_year_bin_aux,0,382.6429082514188,0,0,0,0,0,0,0,0,0,0,0,0,0,0,0,0,0,0,0,0,0
evreg3,6o.relative_year_bin_aux,0,382.6429082514188,0,0,0,0,0,0,0,0,0,0,0,0,0,0,0,0,0,0,0,0,0
evreg3,7o.relative_year_bin_aux,0,382.6429082514188,0,0,0,0,0,0,0,0,0,0,0,0,0,0,0,0,0,0,0,0,0
evreg3,9o.relative_year_bin_aux,0,382.6429082514188,0,0,0,0,0,0,0,0,0,0,0,0,0,0,0,0,0,0,0,0,0
evreg3,10o.relative_year_bin_aux,0,382.6429082514188,0,0,0,0,0,0,0,0,0,0,0,0,0,0,0,0,0,0,0,0,0
evreg3,1o.treat,0,382.6429082514188,0,0,0,0,0,0,0,0,0,0,0,0,0,0,0,0,0,0,0,0,0
evreg3,wind_direction,-.582151076337653,382.6429082514188,0,0,0,0,0,0,0,0,0,0,.0060131379631286,-.8822345243213493,.0650645080297845,.0277028867825243,-.0072285562379741,-.0001943717102309,-.0585142402386954,-.0897333070293476,-.13236417022048,.0154491418792064,-.2177643145240257
evreg3,av_wind_speed,149.5130189426883,382.6429082514188,0,0,0,0,0,0,0,0,0,0,-.8822345243213493,340.0003313636217,-43.38805859579768,-11.787732055967,-6.508789755274444,-19.29589121953387,-3.364647191048592,12.64184237365334,30.6505718982873,-8.267136482313511,69.7355419557407
evreg3,1bn.relative_year_bin_aux#1.treat,19.09347510209001,382.6429082514188,0,0,0,0,0,0,0,0,0,0,.0650645080297845,-43.38805859579768,250.1018081503722,198.6859344557201,205.704580070457,183.6852013399887,141.9530314399682,65.71100133033649,34.39479834795847,58.00899109012698,105.7237956510437
evreg3,2.relative_year_bin_aux#1.treat,33.75218210517512,382.6429082514188,0,0,0,0,0,0,0,0,0,0,.0277028867825243,-11.787732055967,198.6859344557201,205.9414023684517,192.6499297346458,173.0119993150102,132.1262106888039,65.30143880220869,30.87404000734631,60.13713682102853,114.1487149680299
evreg3,3.relative_year_bin_aux#1.treat,39.45866902791921,382.6429082514188,0,0,0,0,0,0,0,0,0,0,-.0072285562379741,-6.508789755274444,205.704580070457,192.6499297346458,218.7363713195591,174.2543686534936,158.1666011032838,85.59355510077593,58.73839726675145,60.57134215168342,152.6523744484233
evreg3,4.relative_year_bin_aux#1.treat,28.96388771174415,382.6429082514188,0,0,0,0,0,0,0,0,0,0,-.0001943717102309,-19.29589121953387,183.6852013399887,173.0119993150102,174.2543686534936,180.1944624023857,134.0390697148175,66.54404113452553,35.77866667797441,66.06740602711962,118.6401607781198
evreg3,5.relative_year_bin_aux#1.treat,45.84262176850179,382.6429082514188,0,0,0,0,0,0,0,0,0,0,-.0585142402386954,-3.364647191048592,141.9530314399682,132.1262106888039,158.1666011032838,134.0390697148175,166.4819912182073,88.6846515927749,73.40462370494207,54.32292452499156,162.6658206554804
evreg3,6.relative_year_bin_aux#1.treat,16.40723209222004,382.6429082514188,0,0,0,0,0,0,0,0,0,0,-.0897333070293476,12.64184237365334,65.71100133033649,65.30143880220869,85.59355510077593,66.54404113452553,88.6846515927749,85.6048231961009,57.70168060261892,26.57367641255503,80.51808763677582
evreg3,7.relative_year_bin_aux#1.treat,27.14836283744715,382.6429082514188,0,0,0,0,0,0,0,0,0,0,-.13236417022048,30.6505718982873,34.39479834795847,30.87404000734631,58.73839726675145,35.77866667797441,73.40462370494207,57.70168060261892,81.4325609017008,12.42590391010371,100.1138762018708
evreg3,9.relative_year_bin_aux#1.treat,32.41082092065167,382.6429082514188,0,0,0,0,0,0,0,0,0,0,.0154491418792064,-8.267136482313511,58.00899109012698,60.13713682102853,60.57134215168342,66.06740602711962,54.32292452499156,26.57367641255503,12.42590391010371,69.87868389512647,82.34338846044369
evreg3,10.relative_year_bin_aux#1.treat,85.29088100542501,382.6429082514188,0,0,0,0,0,0,0,0,0,0,-.2177643145240257,69.7355419557407,105.7237956510437,114.1487149680299,152.6523744484233,118.6401607781198,162.6658206554804,80.51808763677582,100.1138762018708,82.34338846044369,330.1094115230563
evreg4,1bn.relative_year_bin_aux,-75.74109983723905,382.6429082514188,328.6148585342775,289.3512501933473,248.7047812610115,182.6412689911751,133.5942691438032,101.5137256208134,66.75325432981161,-55.92097477407281,-95.78958702547428,0,1.077820132458501,-20.88335551702636,-3.333480075519847,13.8772488397675,-4.451157175933832,3.004996138301593,-14.76575255102411,-5.430602679020973,-15.49458286006576,-15.11460428708615,-66.4968268628627
evreg4,2.relative_year_bin_aux,-77.53961063919573,382.6429082514188,289.3512501933473,255.8696539455021,219.980346845803,160.7869743256322,117.7581081125641,89.46590662890223,59.35724096439873,-50.42381032019455,-85.54090922093536,0,.9834684800999346,-21.76720819365768,-3.195382701589785,11.40557194143423,-4.587169626330998,2.461880902761351,-12.98371919068793,-4.802516071878899,-13.98957141851345,-11.95938536313857,-57.05009617685391
evreg4,3.relative_year_bin_aux,-59.43861159385209,382.6429082514188,248.7047812610115,219.980346845803,190.3224903399965,140.0657185108441,102.652001978638,77.87920246298106,51.32605437393806,-42.666341608058,-72.86686417150753,0,.8454912031633126,-19.36569094423239,-5.518101019278607,7.238017717463981,-6.972283809854022,-.9777192041404462,-13.45017278258557,-6.012804692295931,-12.87775234751648,-9.95498515339597,-48.15499636684518
evreg4,4.relative_year_bin_aux,-25.79035889106839,382.6429082514188,182.6412689911751,160.7869743256322,140.0657185108441,105.9884125450909,77.80284186359974,58.55229516094633,37.70423995106248,-29.42745688893921,-50.69808495181028,0,.5598598471515118,-13.43079030586595,-9.728322313340746,.3049294584252157,-10.14811274589018,-6.958864142606852,-15.2657550794341,-7.647472378331562,-11.01809074399548,-8.978099097463145,-38.12828732367907
evreg4,5.relative_year_bin_aux,-17.71345996786751,382.6429082514188,133.5942691438032,117.7581081125641,102.652001978638,77.80284186359974,58.53000038607541,44.35505518074248,28.48801544315389,-21.58242914072848,-36.32276851014007,0,.4118080798004877,-11.35057493735874,-6.684088783021974,.3999218609878379,-7.295468390704042,-5.07597098682375,-12.51293863978122,-7.008766794020239,-9.1098201570663,-6.678837530730487,-29.03727836629609
evreg4,6.relative_year_bin_aux,-9.125204632988021,382.6429082514188,101.5137256208134,89.46590662890223,77.87920246298106,58.55229516094633,44.35505518074248,35.24873428698737,22.72410828715126,-16.53825926060823,-28.17260923273042,0,.3127581693548185,-9.122579086715097,-1.817956175304732,3.043257634464409,-2.901545407059121,-1.428139988537707,-7.627106862165505,-6.01362927920704,-7.368152425927791,-4.649526416867625,-20.58135063235721
evreg4,7.relative_year_bin_aux,-17.28457847560071,382.6429082514188,66.75325432981161,59.35724096439873,51.32605437393806,37.70423995106248,28.48801544315389,22.72410828715126,15.93138196669566,-12.89108602646085,-20.88472709552427,0,.2476173999621024,-8.737623908093557,1.711015324779936,4.465259178064554,.6188940629880314,1.503008347317548,-2.472677553960834,-2.487099726482698,-4.992418243487965,-.7674970281202552,-10.41255205848464
evreg4,9.relative_year_bin_aux,35.02874684398814,382.6429082514188,-55.92097477407281,-50.42381032019455,-42.666341608058,-29.42745688893921,-21.58242914072848,-16.53825926060823,-12.89108602646085,14.35099040957072,22.78990958899635,0,-.2593761766799679,9.087188599458816,-8.461568334749218,-10.1305409921044,-6.170011335685534,-6.956594840808705,-2.830673819420305,-2.821638764897771,2.153600772044066,-.906609560540559,7.084033971037726
evreg4,10.relative_year_bin_aux,45.92329768289031,382.6429082514188,-95.78958702547428,-85.54090922093536,-72.86686417150753,-50.69808495181028,-36.32276851014007,-28.17260923273042,-20.88472709552427,22.78990958899635,39.51113474989389,0,-.4222179818050837,10.34929010363595,-14.94569766362543,-18.52894574648549,-10.73988090013456,-11.99857093714091,-4.889132430320919,-5.054249885973077,2.406491982856256,.8682991317776448,13.36171746760255
evreg4,1o.treat,0,382.6429082514188,0,0,0,0,0,0,0,0,0,0,0,0,0,0,0,0,0,0,0,0,0
evreg4,wind_direction,-1.108075451620165,382.6429082514188,1.077820132458501,.9834684800999346,.8454912031633126,.5598598471515118,.4118080798004877,.3127581693548185,.2476173999621024,-.2593761766799679,-.4222179818050837,0,.0075223415175207,-.1933319975973755,.065791230497895,.1258906978618797,.0633983476788378,.1019496898375931,.0531826088613221,.0426342026416461,-.0332389886297622,.0669667045589562,-.0434255184604937
evreg4,av_wind_speed,61.49976311248233,382.6429082514188,-20.88335551702636,-21.76720819365768,-19.36569094423239,-13.43079030586595,-11.35057493735874,-9.122579086715097,-8.737623908093557,9.087188599458816,10.34929010363595,0,-.1933319975973755,41.67022860818057,-.8490133398464266,-.6931538991802234,.5305194072982126,1.054866539110226,2.484200407249983,2.311005901889946,4.917831998299051,-3.864652413246846,1.218100732350449
evreg4,1bn.relative_year_bin_aux#1.treat,27.54827908677354,382.6429082514188,-3.333480075519847,-3.195382701589785,-5.518101019278607,-9.728322313340746,-6.684088783021974,-1.817956175304732,1.711015324779936,-8.461568334749218,-14.94569766362543,0,.065791230497895,-.8490133398464266,245.9338614979748,189.8102687727516,206.5251911496674,161.700439372915,161.3488486570394,86.0250763498077,60.37935869030751,50.76099125395372,121.2463789910096
evreg4,2.relative_year_bin_aux#1.treat,13.49796233810666,382.6429082514188,13.8772488397675,11.40557194143423,7.238017717463981,.3049294584252157,.3999218609878379,3.043257634464409,4.465259178064554,-10.1305409921044,-18.52894574648549,0,.1258906978618797,-.6931538991802234,189.8102687727516,180.0733152892448,167.5354750488066,140.5572990806923,120.5915003303645,64.77026099306829,31.39817443397098,36.58790300360781,61.07963862258759
evreg4,3.relative_year_bin_aux#1.treat,12.20451002716836,382.6429082514188,-4.451157175933832,-4.587169626330998,-6.972283809854022,-10.14811274589018,-7.295468390704042,-2.901545407059121,.6188940629880314,-6.170011335685534,-10.73988090013456,0,.0633983476788378,.5305194072982126,206.5251911496674,167.5354750488066,197.1826631736751,138.4402698538878,150.0536949421869,84.797321388046,62.51878003310482,48.04172008523629,117.6910520167924
evreg4,4.relative_year_bin_aux#1.treat,40.34628724033802,382.6429082514188,3.004996138301593,2.461880902761351,-.9777192041404462,-6.958864142606852,-5.07597098682375,-1.428139988537707,1.503008347317548,-6.956594840808705,-11.99857093714091,0,.1019496898375931,1.054866539110226,161.700439372915,140.5572990806923,138.4402698538878,135.823909112176,106.653619690157,51.36669493700739,27.53567266872716,44.35784794816672,71.23711559961373
evreg4,5.relative_year_bin_aux#1.treat,29.46971026856934,382.6429082514188,-14.76575255102411,-12.98371919068793,-13.45017278258557,-15.2657550794341,-12.51293863978122,-7.627106862165505,-2.472677553960834,-2.830673819420305,-4.889132430320919,0,.0531826088613221,2.484200407249983,161.3488486570394,120.5915003303645,150.0536949421869,106.653619690157,154.4636096856629,75.04161984729687,71.60323122836934,55.62792680054752,147.7274137244876
evreg4,6.relative_year_bin_aux#1.treat,-22.65427467577083,382.6429082514188,-5.430602679020973,-4.802516071878899,-6.012804692295931,-7.647472378331562,-7.008766794020239,-6.01362927920704,-2.487099726482698,-2.821638764897771,-5.054249885973077,0,.0426342026416461,2.311005901889946,86.0250763498077,64.77026099306829,84.797321388046,51.36669493700739,75.04161984729687,66.26848790040731,50.57505755159271,19.45789756182218,59.6163419957817
evreg4,7.relative_year_bin_aux#1.treat,-7.905368079392399,382.6429082514188,-15.49458286006576,-13.98957141851345,-12.87775234751648,-11.01809074399548,-9.1098201570663,-7.368152425927791,-4.992418243487965,2.153600772044066,2.406491982856256,0,-.0332389886297622,4.917831998299051,60.37935869030751,31.39817443397098,62.51878003310482,27.53567266872716,71.60323122836934,50.57505755159271,76.79277525798847,18.05527087942386,82.49165349653242
evreg4,9.relative_year_bin_aux#1.treat,54.93153278777663,382.6429082514188,-15.11460428708615,-11.95938536313857,-9.95498515339597,-8.978099097463145,-6.678837530730487,-4.649526416867625,-.7674970281202552,-.906609560540559,.8682991317776448,0,.0669667045589562,-3.864652413246846,50.76099125395372,36.58790300360781,48.04172008523629,44.35784794816672,55.62792680054752,19.45789756182218,18.05527087942386,69.41487489294715,102.820166837652
evreg4,10.relative_year_bin_aux#1.treat,47.49752769398349,382.6429082514188,-66.4968268628627,-57.05009617685391,-48.15499636684518,-38.12828732367907,-29.03727836629609,-20.58135063235721,-10.41255205848464,7.084033971037726,13.36171746760255,0,-.0434255184604937,1.218100732350449,121.2463789910096,61.07963862258759,117.6910520167924,71.23711559961373,147.7274137244876,59.6163419957817,82.49165349653242,102.820166837652,293.3511395623473
evreg5,1bn.relative_year_bin_aux,-100.1088167445267,382.6429082514188,283.6865619567255,255.2047009668226,226.1951081609017,165.1620381763426,114.4755988650125,85.24331730449006,58.84615537955528,-57.93531222917495,-113.6284349811972,0,1.064346759807333,-26.73682730643298,-34.46118251102493,-5.982227754095534,-2.853622385957008,7.903968446343818,-31.58074372361668,-25.56701870597362,-26.24891263604553,-17.36490458325834,-118.5048857655784
evreg5,2.relative_year_bin_aux,-96.17102827376198,382.6429082514188,255.2047009668226,230.5338496428663,204.5271221674762,148.9534766855247,103.0876281282206,76.76462737915635,53.30569203104702,-52.70525777384156,-102.9651124904518,0,.9766837188875609,-26.39134005930707,-30.15506982192608,-5.592486543315641,-2.639518196549326,7.323660739047379,-27.20779042789182,-22.24466733025858,-23.40971590205773,-14.29659869311496,-103.8077884480839
evreg5,3.relative_year_bin_aux,-76.36514175963866,382.6429082514188,226.1951081609017,204.5271221674762,182.8247999514946,134.1477232225477,92.37803243430331,68.57450208435652,47.35096389311946,-46.4264302071999,-92.25129239169163,0,.8524663735449873,-23.94363258792895,-23.71738511559909,-2.650913947957246,-.1817453476425764,7.929261070515584,-22.83716254621537,-19.9794396090571,-20.91786592090268,-12.07675815041005,-88.72552770639753
evreg5,4.relative_year_bin_aux,-41.10255007352171,382.6429082514188,165.1620381763426,148.9534766855247,134.1477232225477,102.4550565487098,70.60664693622149,51.51667483900633,34.93719627462062,-32.06148170321903,-65.91602242221695,0,.5569828451699335,-19.20094199862237,-20.51186005090432,-4.794008138222707,-3.997020171556339,.3199240205786172,-22.13017876921119,-18.15669024296972,-17.10707725139832,-10.61740648452763,-69.73191099765783
evreg5,5.relative_year_bin_aux,-29.63097383359752,382.6429082514188,114.4755988650125,103.0876281282206,92.37803243430331,70.60664693622149,50.61932242431643,37.78037558290981,25.71341312302908,-22.56614898139907,-44.20301912122676,0,.4084666066401841,-13.13974790346163,-15.17287800897005,-3.723816359136593,-3.924697477052249,-.8217276388625486,-17.36186043564649,-13.47708836689183,-12.34259312896381,-7.489457455568221,-50.37136891360249
evreg5,6.relative_year_bin_aux,-20.43060108472496,382.6429082514188,85.24331730449006,76.76462737915635,68.57450208435652,51.51667483900633,37.78037558290981,30.39691173699419,20.94509613709727,-17.46211978625892,-33.97781756146637,0,.3276476895841982,-9.886262101997248,-8.622435908297152,-.3685123984879706,-.9641624298961151,1.216357395886233,-10.92042540039228,-10.06182262053816,-9.331284295937277,-4.903507138066894,-33.77974976299522
evreg5,7.relative_year_bin_aux,-20.52267056513538,382.6429082514188,58.84615537955528,53.30569203104702,47.35096389311946,34.93719627462062,25.71341312302908,20.94509613709727,15.5015146787668,-13.52736475622314,-24.09569945473376,0,.2539302629000962,-8.407979994236786,-5.346813293776651,.0094078329510023,.2422244125729618,1.774633075032052,-5.844131998339313,-6.096257083008656,-6.825177676913762,-1.315415236052222,-20.66516507159926
evreg5,9.relative_year_bin_aux,30.72147394913202,382.6429082514188,-57.93531222917495,-52.70525777384156,-46.4264302071999,-32.06148170321903,-22.56614898139907,-17.46211978625892,-13.52736475622314,15.94853296189645,27.33769944125236,0,-.272471791224939,6.302562856001361,1.141003970860538,-4.193517656070229,-6.419427014946773,-8.288302085133969,1.046242299182465,2.279395608168675,4.94707405940052,.1808126597496211,19.87810906557234
evreg5,10.relative_year_bin_aux,27.59741386871151,382.6429082514188,-113.6284349811972,-102.9651124904518,-92.25129239169163,-65.91602242221695,-44.20301912122676,-33.97781756146637,-24.09569945473376,27.33769944125236,56.93318362643666,0,-.4345118449357055,6.619596720071288,2.177286133358657,-7.502068196228293,-11.21371515660995,-13.93603727295122,3.1129393278482,6.58506723919119,9.517847131181282,4.429868237298454,38.60510137054092
evreg5,1o.treat,0,382.6429082514188,0,0,0,0,0,0,0,0,0,0,0,0,0,0,0,0,0,0,0,0,0
evreg5,wind_direction,-1.104406646227812,382.6429082514188,1.064346759807333,.9766837188875609,.8524663735449873,.5569828451699335,.4084666066401841,.3276476895841982,.2539302629000962,-.272471791224939,-.4345118449357055,0,.0073457780422676,-.1881876113768498,-.0238704799083058,.0703900659598852,.0721588988676383,.1265712495618636,.0146125396911612,-.0000599978637589,-.0478024031722515,.0569788809645328,-.200650428028912
evreg5,av_wind_speed,60.59255331062078,382.6429082514188,-26.73682730643298,-26.39134005930707,-23.94363258792895,-19.20094199862237,-13.13974790346163,-9.886262101997248,-8.407979994236786,6.302562856001361,6.619596720071288,0,-.1881876113768498,41.54036051763649,.3123815947032668,-1.29743897253615,.4881199384552861,.2715309957105821,4.094019830937929,4.361631666085017,4.915039645936627,-4.366739094610648,1.519491355600334
evreg5,1bn.relative_year_bin_aux#1.treat,59.32070274360775,382.6429082514188,-34.46118251102493,-30.15506982192608,-23.71738511559909,-20.51186005090432,-15.17287800897005,-8.622435908297152,-5.346813293776651,1.141003970860538,2.177286133358657,0,-.0238704799083058,.3123815947032668,249.723717773822,193.9132353215094,215.0838329269203,174.9511937063376,161.7114251459228,86.10220886795264,60.0031673414427,59.96122640994873,159.8987941038949
evreg5,2.relative_year_bin_aux#1.treat,26.02009120258584,382.6429082514188,-5.982227754095534,-5.592486543315641,-2.650913947957246,-4.794008138222707,-3.723816359136593,-.3685123984879706,.0094078329510023,-4.193517656070229,-7.502068196228293,0,.0703900659598852,-1.29743897253615,193.9132353215094,187.4232110821137,182.1633154341667,158.9563048091533,121.0004335664939,61.17043588355925,29.93294100332382,44.42188785944552,87.17852651298379
evreg5,3.relative_year_bin_aux#1.treat,7.326633232842074,382.6429082514188,-2.853622385957008,-2.639518196549326,-.1817453476425764,-3.997020171556339,-3.924697477052249,-.9641624298961151,.2422244125729618,-6.419427014946773,-11.21371515660995,0,.0721588988676383,.4881199384552861,215.0838329269203,182.1633154341667,227.4419658508834,168.6399168072677,146.2440038185705,77.42744285065763,58.18879077207762,52.36328014455563,123.0978231995504
evreg5,4.relative_year_bin_aux#1.treat,26.08865303229006,382.6429082514188,7.903968446343818,7.323660739047379,7.929261070515584,.3199240205786172,-.8217276388625486,1.216357395886233,1.774633075032052,-8.288302085133969,-13.93603727295122,0,.1265712495618636,.2715309957105821,174.9511937063376,158.9563048091533,168.6399168072677,167.3121495805263,110.5311491215055,49.04370876933903,24.85201498211175,50.86762602374097,80.87768266725877
evreg5,5.relative_year_bin_aux#1.treat,52.06661383966325,382.6429082514188,-31.58074372361668,-27.20779042789182,-22.83716254621537,-22.13017876921119,-17.36186043564649,-10.92042540039228,-5.844131998339313,1.046242299182465,3.1129393278482,0,.0146125396911612,4.094019830937929,161.7114251459228,121.0004335664939,146.2440038185705,110.5311491215055,154.2064709585124,80.23399332411914,68.05367996890651,56.61303627505644,161.7465220305546
evreg5,6.relative_year_bin_aux#1.treat,3.568481396457237,382.6429082514188,-25.56701870597362,-22.24466733025858,-19.9794396090571,-18.15669024296972,-13.47708836689183,-10.06182262053816,-6.096257083008656,2.279395608168675,6.58506723919119,0,-.0000599978637589,4.361631666085017,86.10220886795264,61.17043588355925,77.42744285065763,49.04370876933903,80.23399332411914,73.75860586194932,52.5161058568948,23.97380042201366,78.40907482672344
evreg5,7.relative_year_bin_aux#1.treat,.5686724287798484,382.6429082514188,-26.24891263604553,-23.40971590205773,-20.91786592090268,-17.10707725139832,-12.34259312896381,-9.331284295937277,-6.825177676913762,4.94707405940052,9.517847131181282,0,-.0478024031722515,4.915039645936627,60.0031673414427,29.93294100332382,58.18879077207762,24.85201498211175,68.05367996890651,52.5161058568948,76.23547728073117,18.52272899608603,90.93914456541941
evreg5,9.relative_year_bin_aux#1.treat,51.96728312423373,382.6429082514188,-17.36490458325834,-14.29659869311496,-12.07675815041005,-10.61740648452763,-7.489457455568221,-4.903507138066894,-1.315415236052222,.1808126597496211,4.429868237298454,0,.0569788809645328,-4.366739094610648,59.96122640994873,44.42188785944552,52.36328014455563,50.86762602374097,56.61303627505644,23.97380042201366,18.52272899608603,72.89491020834041,105.9545988192889
evreg5,10.relative_year_bin_aux#1.treat,93.17162217743663,382.6429082514188,-118.5048857655784,-103.8077884480839,-88.72552770639753,-69.73191099765783,-50.37136891360249,-33.77974976299522,-20.66516507159926,19.87810906557234,38.60510137054092,0,-.200650428028912,1.519491355600334,159.8987941038949,87.17852651298379,123.0978231995504,80.87768266725877,161.7465220305546,78.40907482672344,90.93914456541941,105.9545988192889,349.9832245484517
evreg6,1bn.relative_year_bin_aux,-188.3964123261581,382.6429082514188,517.4624044421554,445.2081698110277,373.5286529374852,288.6835481657357,211.2748179692349,137.699487184796,77.59677135026934,-107.2051607227349,-191.5113671593155,0,1.779026213734152,-45.36474707506972,.5572878393577331,-16.16303763530307,-28.63361176674742,-8.763704885779543,-40.46131730279567,-25.28272101709689,-55.24603237752827,9.000214469963169,-112.8475453375505
evreg6,2.relative_year_bin_aux,-153.9771774095419,382.6429082514188,445.2081698110277,387.4143009206503,328.475450815104,256.8119569659075,189.2692350726277,123.5253662112446,67.67280340990449,-91.73451138728889,-166.769374642514,0,1.515800732391423,-40.90632005427209,-7.552300152095304,-20.89659605243999,-32.1132214121437,-14.44574779912937,-40.02268364759761,-24.27546101463774,-48.71293920015564,6.230502066216374,-99.64984215190873
evreg6,3.relative_year_bin_aux,-106.6079009407279,382.6429082514188,373.5286529374852,328.475450815104,285.419828312149,228.4101681718435,171.196449716629,113.8182196680269,60.15949777412936,-76.98326462756745,-143.5564052659106,0,1.226517797584452,-33.39179406763449,-5.897641706971426,-17.36669222254327,-26.8748856233344,-11.8364046692073,-32.35873296636532,-20.16810073529183,-40.41852947890266,4.014795707468601,-84.84230523161442
evreg6,4.relative_year_bin_aux,-62.40932010484679,382.6429082514188,288.6835481657357,256.8119569659075,228.4101681718435,190.7004117720571,147.6876238984121,100.1710579000545,52.05690633974337,-60.19734112735559,-112.363300449804,0,.8913416916848454,-27.86760600164106,-8.835539760364849,-17.76757962568964,-24.83150533033768,-13.81482325961185,-28.34569657348344,-17.19335965007638,-33.05226108944045,1.557928771434187,-70.91806405666577
evreg6,5.relative_year_bin_aux,-30.42735308999229,382.6429082514188,211.2748179692349,189.2692350726277,171.196449716629,147.6876238984121,119.7785504459497,84.01165516685543,43.96984748232008,-46.40210533659715,-85.51141885068201,0,.6274219618931375,-20.59242215656332,-6.022022277131822,-13.04245735218872,-17.45141859909808,-9.625162108831177,-19.40099726463314,-11.91059143184701,-24.76437980689233,.5203718146359851,-54.71609052386849
evreg6,6.relative_year_bin_aux,-6.214071814475875,382.6429082514188,137.699487184796,123.5253662112446,113.8182196680269,100.1710579000545,84.01165516685543,62.79004227340168,33.60534241104834,-32.50279307768837,-60.57766869217593,0,.3890230626930692,-13.01178791644374,-.63251573527025,-5.87427290117172,-8.894706520826732,-3.885656323739632,-9.207449785459639,-6.515902624589052,-15.52726383181119,-.7638725753214713,-36.24943467095585
evreg6,7.relative_year_bin_aux,-17.98214503157221,382.6429082514188,77.59677135026934,67.67280340990449,60.15949777412936,52.05690633974337,43.96984748232008,33.60534241104834,20.79108946855129,-21.22277031982854,-34.64642664037757,0,.2498861183435994,-8.341948683661874,2.021027849189372,-.9038850849797613,-2.110426795655479,.4883769804692317,-1.546227852841802,-.5606661723582002,-7.794801614144847,1.184445322198133,-18.06686062073253
evreg6,9.relative_year_bin_aux,45.03062809714527,382.6429082514188,-107.2051607227349,-91.73451138728889,-76.98326462756745,-60.19734112735559,-46.40210533659715,-32.50279307768837,-21.22277031982854,30.2674158239967,51.81518967818841,0,-.4141148063923184,8.436777294382757,-2.00717457874735,.4804701179685029,2.210258855094034,-2.182871241821047,1.218003770508913,-.3758298533398694,9.609405752856096,-3.645932268104429,20.60622197208823
evreg6,10.relative_year_bin_aux,49.42290134156784,382.6429082514188,-191.5113671593155,-166.769374642514,-143.5564052659106,-112.363300449804,-85.51141885068201,-60.57766869217593,-34.64642664037757,51.81518967818841,102.7363917214081,0,-.6973811940056349,9.580978565288515,-1.259216435084604,2.123755624026575,7.392387669431388,-.7563983304675524,6.56600628862488,3.642869884432699,18.60216351328265,-1.67576639038552,42.02527928788579
evreg6,1o.treat,0,382.6429082514188,0,0,0,0,0,0,0,0,0,0,0,0,0,0,0,0,0,0,0,0,0
evreg6,wind_direction,-1.234626052255325,382.6429082514188,1.779026213734152,1.515800732391423,1.226517797584452,.8913416916848454,.6274219618931375,.3890230626930692,.2498861183435994,-.4141148063923184,-.6973811940056349,0,.0093187775517243,-.1771969890455299,.0238047240598167,.0277970169510336,-.0086774632887435,.0406431084071549,-.0319310857887349,-.0244531036245975,-.132426164841908,.107245560306976,-.1464395854283444
evreg6,av_wind_speed,52.65374314332095,382.6429082514188,-45.36474707506972,-40.90632005427209,-33.39179406763449,-27.86760600164106,-20.59242215656332,-13.01178791644374,-8.341948683661874,8.436777294382757,9.580978565288515,0,-.1771969890455299,41.87519826737267,-.7924690537657916,2.806421944742113,6.974886342341914,3.237012009935536,8.325846970403239,9.907339634402097,8.05547338738276,-3.243312235063601,3.983919382154513
evreg6,1bn.relative_year_bin_aux#1.treat,24.29837326039161,382.6429082514188,.5572878393577331,-7.552300152095304,-5.897641706971426,-8.835539760364849,-6.022022277131822,-.63251573527025,2.021027849189372,-2.00717457874735,-1.259216435084604,0,.0238047240598167,-.7924690537657916,255.008950510213,203.6673833133779,213.3949686052962,189.5629763031845,150.6972886561615,71.75297836193668,44.97147561274131,56.23439723188202,119.7098923881136
evreg6,2.relative_year_bin_aux#1.treat,32.36651272000373,382.6429082514188,-16.16303763530307,-20.89659605243999,-17.36669222254327,-17.76757962568964,-13.04245735218872,-5.87427290117172,-.9038850849797613,.4804701179685029,2.123755624026575,0,.0277970169510336,2.806421944742113,203.6673833133779,205.7515143357661,195.033903351965,174.328737028004,134.2586710908959,67.37491722478168,33.74684723224826,60.08260551855778,112.8083614085196
evreg6,3.relative_year_bin_aux#1.treat,37.75909269856203,382.6429082514188,-28.63361176674742,-32.1132214121437,-26.8748856233344,-24.83150533033768,-17.45141859909808,-8.894706520826732,-2.110426795655479,2.210258855094034,7.392387669431388,0,-.0086774632887435,6.974886342341914,213.3949686052962,195.033903351965,225.2087606463909,179.0097643784622,164.5664716140516,90.80910744244852,65.66436870530487,62.17191632354252,158.1056747146556
evreg6,4.relative_year_bin_aux#1.treat,29.88377725477352,382.6429082514188,-8.763704885779543,-14.44574779912937,-11.8364046692073,-13.81482325961185,-9.625162108831177,-3.885656323739632,.4883769804692317,-2.182871241821047,-.7563983304675524,0,.0406431084071549,3.237012009935536,189.5629763031845,174.328737028004,179.0097643784622,183.986857992473,138.669324039122,69.52266741514742,39.6956665981083,67.09835975940136,122.5397869133418
evreg6,5.relative_year_bin_aux#1.treat,45.31952029119778,382.6429082514188,-40.46131730279567,-40.02268364759761,-32.35873296636532,-28.34569657348344,-19.40099726463314,-9.207449785459639,-1.546227852841802,1.218003770508913,6.56600628862488,0,-.0319310857887349,8.325846970403239,150.6972886561615,134.2586710908959,164.5664716140516,138.669324039122,172.8062102520187,93.26973091844954,79.65224637760447,56.40334089377539,167.9305310074651
evreg6,6.relative_year_bin_aux#1.treat,14.48681955799689,382.6429082514188,-25.28272101709689,-24.27546101463774,-20.16810073529183,-17.19335965007638,-11.91059143184701,-6.515902624589052,-.5606661723582002,-.3758298533398694,3.642869884432699,0,-.0244531036245975,9.907339634402097,71.75297836193668,67.37491722478168,90.80910744244852,69.52266741514742,93.26973091844954,88.93276384537894,61.69434036297936,27.46761625278365,82.79911838124804
evreg6,7.relative_year_bin_aux#1.treat,30.91628292150327,382.6429082514188,-55.24603237752827,-48.71293920015564,-40.41852947890266,-33.05226108944045,-24.76437980689233,-15.52726383181119,-7.794801614144847,9.609405752856096,18.60216351328265,0,-.132426164841908,8.05547338738276,44.97147561274131,33.74684723224826,65.66436870530487,39.6956665981083,79.65224637760447,61.69434036297936,89.46147203046249,11.73164691841093,104.3800804604491
evreg6,9.relative_year_bin_aux#1.treat,32.37647967541174,382.6429082514188,9.000214469963169,6.230502066216374,4.014795707468601,1.557928771434187,.5203718146359851,-.7638725753214713,1.184445322198133,-3.645932268104429,-1.67576639038552,0,.107245560306976,-3.243312235063601,56.23439723188202,60.08260551855778,62.17191632354252,67.09835975940136,56.40334089377539,27.46761625278365,11.73164691841093,72.65919455424506,87.40966236055463
evreg6,10.relative_year_bin_aux#1.treat,80.53060836017804,382.6429082514188,-112.8475453375505,-99.64984215190873,-84.84230523161442,-70.91806405666577,-54.71609052386849,-36.24943467095585,-18.06686062073253,20.60622197208823,42.02527928788579,0,-.1464395854283444,3.983919382154513,119.7098923881136,112.8083614085196,158.1056747146556,122.5397869133418,167.9305310074651,82.79911838124804,104.3800804604491,87.40966236055463,327.1734969074939
evreg7,1bn.relative_year_bin_aux,161.8273620794266,382.6429082514188,1341.355924576632,1145.247181177165,971.5614260897972,789.7742422183896,592.9657465319951,407.5601513645302,199.628550263053,-171.279480701465,-355.3611145798868,0,-.0419765636255115,-36.49942405321264,-50.51501845233675,-42.46144711921026,-56.91015998190701,-61.6657271010221,-75.86883048748547,-75.26110507646847,-49.73342754932015,-40.00585331905263,-135.6505028014804
