reg,var,beta,ymean,cov1,cov2,cov3,cov4,cov5,cov6,cov7,cov8,cov9,cov10,cov11,cov12,cov13,cov14,cov15,cov16,cov17,cov18,cov19,cov20,cov21
evreg1,1bn.relative_year_bin_aux,657.0140113786271,119.8473350931087,3993.536034476905,2974.862681376787,1708.888250139219,878.537910675103,-908.5863686315492,-2196.197424909881,-2341.979183677226,-2389.878578662934,-2431.233788400136,0,-1.437453550469296,221.887431312215,-164.8670658380566,-132.1294991372107,2.771344545778423,-16.24306892552245,-33.26099753574567,61.54205909197384,2.302250266163719,-1.76609177965472,1.827677284487502
evreg1,2.relative_year_bin_aux,501.7043701310136,119.8473350931087,2974.862681376787,2697.874149217996,1605.634174119975,833.2305583156708,-908.6061683253444,-2201.545145509555,-2342.935669389373,-2391.715456415529,-2433.125960529706,0,-1.386632995983762,190.3919050454798,-59.66831324001266,-178.8182798830727,-16.1430087235107,-20.84824508086874,-34.48969500800348,67.39397484758356,1.151132232586819,-3.56573884137534,-.9859800169880751
evreg1,3.relative_year_bin_aux,347.6591779531042,119.8473350931087,1708.888250139219,1605.634174119975,1052.23786541425,545.8890898713793,-583.4713776998784,-1408.776813624277,-1548.985117602533,-1580.893800549766,-1608.412159869874,0,-.9146373133485513,119.1370157227729,-22.79906806110557,-80.56597405615921,-32.53543463079509,-13.78659743561923,-21.37648544954808,34.76534385070476,4.991393062131531,-2.435788030977099,-1.026311411567064
evreg1,4.relative_year_bin_aux,166.2623046162091,119.8473350931087,878.537910675103,833.2305583156708,545.8890898713793,297.0117795058386,-304.9932588309459,-746.4090789181961,-834.5179031295676,-849.3360775756928,-861.5879922875415,0,-.4290042775405449,59.30652304122274,-12.07763791262018,-45.44565025123347,-13.96488874325712,-13.08599350544819,-14.70721927482075,15.55503647006573,2.076542117827845,-3.694226249213282,-3.073673334623541
evreg1,6.relative_year_bin_aux,-196.0950921987412,119.8473350931087,-908.5863686315492,-908.6061683253444,-583.4713776998784,-304.9932588309459,422.5166242894417,985.5491807268576,1074.453297942983,1099.403875272083,1116.206695636704,0,.5561563349779209,-70.26296308326823,5.715849658565286,41.92440806290804,11.21957124683179,5.260837921883974,4.853220003790188,-27.60540343802573,-7.755631095377042,-3.051165921812598,-3.708116212818053
evreg1,7.relative_year_bin_aux,-444.7394051444303,119.8473350931087,-2196.197424909881,-2201.545145509555,-1408.776813624277,-746.4090789181961,985.5491807268576,2418.124993160726,2675.307688753653,2723.309404051704,2758.962296873713,0,1.20268082931337,-163.3566300482284,25.19777244289743,123.6251387527913,35.83870759905739,25.42184597807065,32.79926676420117,-68.37846125455971,-19.34626876781312,2.296194778045798,.419796005662962
evreg1,8.relative_year_bin_aux,-551.8296464238937,119.8473350931087,-2341.979183677226,-2342.935669389373,-1548.985117602533,-834.5179031295676,1074.453297942983,2675.307688753653,3347.770983164389,3544.094257219837,3684.496253742806,0,1.402735242005967,-171.6242713499411,31.26182598400419,120.9595197229306,45.63712347332962,35.3829398180172,43.24949997934291,-41.29365297262368,-45.70899450626123,-4.308253640631635,-12.82526125896912
evreg1,9.relative_year_bin_aux,-693.0448587871568,119.8473350931087,-2389.878578662934,-2391.715456415529,-1580.893800549766,-849.3360775756928,1099.403875272083,2723.309404051704,3544.094257219837,3954.514581326475,4248.772100988271,0,1.790815169213239,-184.2673439134541,34.24907200811371,123.6998152340274,46.05744328671391,34.76799249498177,42.71650110222482,-36.19534886933835,-35.59692192718575,-15.11084309252505,-33.91178372257279
evreg1,10.relative_year_bin_aux,-775.9645434797411,119.8473350931087,-2431.233788400136,-2433.125960529706,-1608.412159869874,-861.5879922875415,1116.206695636704,2758.962296873713,3684.496253742806,4248.772100988271,4742.61111591132,0,2.040076914453512,-192.4346857621679,35.49292993514327,126.0223275468388,47.74383230819275,34.4523364591989,42.57024190649297,-33.70670401387906,-30.48707500015389,-10.38403855224796,-60.76779288406291
evreg1,1o.treat,0,119.8473350931087,0,0,0,0,0,0,0,0,0,0,0,0,0,0,0,0,0,0,0,0,0
evreg1,wind_direction,-1.760369933134357,119.8473350931087,-1.437453550469296,-1.386632995983762,-.9146373133485513,-.4290042775405449,.5561563349779209,1.20268082931337,1.402735242005967,1.790815169213239,2.040076914453512,0,.0037055786987964,-.2234208214530936,.0010414710246576,.0502021927014542,.0178106980980566,-.0126162653413506,-.0135514180683629,-.0624518335576947,.00213104844944,-.0429381330351073,-.048784887747065
evreg1,av_wind_speed,147.6252917265294,119.8473350931087,221.887431312215,190.3919050454798,119.1370157227729,59.30652304122274,-70.26296308326823,-163.3566300482284,-171.6242713499411,-184.2673439134541,-192.4346857621679,0,-.2234208214530936,34.13521560165189,-5.338435525388997,-10.33873580129191,-3.641674730442102,-1.433877729952951,-2.054322872315547,5.348069715497416,-.2270610211887257,2.605182284542566,2.588413010880065
evreg1,1bn.relative_year_bin_aux#1.treat,-4.876445630558335,119.8473350931087,-164.8670658380566,-59.66831324001266,-22.79906806110557,-12.07763791262018,5.715849658565286,25.19777244289743,31.26182598400419,34.24907200811371,35.49292993514327,0,.0010414710246576,-5.338435525388997,119.2777974202362,13.00205825801547,18.6614594049808,17.51847295959356,17.61760592123866,12.72665371253413,16.41591134543372,15.08245896250209,14.58075422168392
evreg1,2.relative_year_bin_aux#1.treat,10.02548233034524,119.8473350931087,-132.1294991372107,-178.8182798830727,-80.56597405615921,-45.44565025123347,41.92440806290804,123.6251387527913,120.9595197229306,123.6998152340274,126.0223275468388,0,.0502021927014542,-10.33873580129191,13.00205825801547,108.4053331698946,21.2936162877734,19.69699495573018,21.54232694791644,-11.52887835692467,16.80807794587501,16.59927504120715,15.55774062908409
evreg1,3.relative_year_bin_aux#1.treat,-3.619038189773065,119.8473350931087,2.771344545778423,-16.1430087235107,-32.53543463079509,-13.96488874325712,11.21957124683179,35.83870759905739,45.63712347332962,46.05744328671391,47.74383230819275,0,.0178106980980566,-3.641674730442102,18.6614594049808,21.2936162877734,42.69229660705947,17.53510115390399,16.08527976558811,13.31889857234217,10.98020984646516,14.84772074217631,14.31113796458424
evreg1,4.relative_year_bin_aux#1.treat,4.294655654598922,119.8473350931087,-16.24306892552245,-20.84824508086874,-13.78659743561923,-13.08599350544819,5.260837921883974,25.42184597807065,35.3829398180172,34.76799249498177,34.4523364591989,0,-.0126162653413506,-1.433877729952951,17.51847295959356,19.69699495573018,17.53510115390399,22.73527778371886,15.05839633547769,11.85765585957023,12.00647009888619,13.11164984484991,13.16854413736155
evreg1,6.relative_year_bin_aux#1.treat,3.252527393945576,119.8473350931087,-33.26099753574567,-34.48969500800348,-21.37648544954808,-14.70721927482075,4.853220003790188,32.79926676420117,43.24949997934291,42.71650110222482,42.57024190649297,0,-.0135514180683629,-2.054322872315547,17.61760592123866,21.54232694791644,16.08527976558811,15.05839633547769,23.37941153899412,9.753035938655978,12.25291789925758,12.70650356431483,12.01896113609897
evreg1,7.relative_year_bin_aux#1.treat,17.9942485329315,119.8473350931087,61.54205909197384,67.39397484758356,34.76534385070476,15.55503647006573,-27.60540343802573,-68.37846125455971,-41.29365297262368,-36.19534886933835,-33.70670401387906,0,-.0624518335576947,5.348069715497416,12.72665371253413,-11.52887835692467,13.31889857234217,11.85765585957023,9.753035938655978,40.64420956671989,9.445528530918732,8.976161512312796,8.35390987377143
evreg1,8.relative_year_bin_aux#1.treat,6.693184128765164,119.8473350931087,2.302250266163719,1.151132232586819,4.991393062131531,2.076542117827845,-7.755631095377042,-19.34626876781312,-45.70899450626123,-35.59692192718575,-30.48707500015389,0,.00213104844944,-.2270610211887257,16.41591134543372,16.80807794587501,10.98020984646516,12.00647009888619,12.25291789925758,9.445528530918732,33.65221522306262,14.46986488154094,11.36812562689031
evreg1,9.relative_year_bin_aux#1.treat,20.16268521533523,119.8473350931087,-1.76609177965472,-3.56573884137534,-2.435788030977099,-3.694226249213282,-3.051165921812598,2.296194778045798,-4.308253640631635,-15.11084309252505,-10.38403855224796,0,-.0429381330351073,2.605182284542566,15.08245896250209,16.59927504120715,14.84772074217631,13.11164984484991,12.70650356431483,8.976161512312796,14.46986488154094,28.21021883321072,16.99397155397143
evreg1,10.relative_year_bin_aux#1.treat,12.59003993041333,119.8473350931087,1.827677284487502,-.9859800169880751,-1.026311411567064,-3.073673334623541,-3.708116212818053,.419796005662962,-12.82526125896912,-33.91178372257279,-60.76779288406291,0,-.048784887747065,2.588413010880065,14.58075422168392,15.55774062908409,14.31113796458424,13.16854413736155,12.01896113609897,8.35390987377143,11.36812562689031,16.99397155397143,33.4521691437677
evreg2,1bn.relative_year_bin_aux,657.0140113892885,119.8473350931087,3993.54763464211,2974.871327890376,1708.893247869107,878.5404845684154,-908.5887766652208,-2196.203276561846,-2341.985359533539,-2389.884847554187,-2431.240181813536,0,-1.4374576526653,221.8880621717245,-164.8675438480301,-132.1298957537527,2.771296571276809,-16.24317479475329,-33.26106103502294,61.54222989223344,2.302251490533634,-1.766107144675371,1.827706678683122
evreg2,2.relative_year_bin_aux,501.7043701403433,119.8473350931087,2974.871327890376,2697.881918663048,1605.638802119058,833.2329642616105,-908.6086609852641,-2201.551182134787,-2342.942061265005,-2391.721970922983,-2433.132595325001,0,-1.386636964957949,190.392446373201,-59.66849936184908,-178.8187634981096,-16.14305763532482,-20.84832939030295,-34.4897319965723,67.39419376539956,1.15116816419328,-3.565711244743382,-.9859258937223649
evreg2,3.relative_year_bin_aux,347.6591779582376,119.8473350931087,1708.893247869107,1605.638802119058,1052.240889955245,545.8906579772954,-583.4729943952641,-1408.780700182302,-1548.989385458246,-1580.898158227592,-1608.416593295003,0,-.9146399301827233,119.137356281022,-22.79911626336257,-80.56615030885111,-32.5355005544332,-13.78663216728821,-21.37648758218432,34.76546846441378,4.991444123800327,-2.435745151490091,-1.026256152892435
evreg2,4.relative_year_bin_aux,166.2623046189842,119.8473350931087,878.5404845684154,833.2329642616105,545.8906579772954,297.012628560642,-304.9940989014191,-746.411128046142,-834.5201898898954,-849.3384000201949,-861.5903502747501,0,-.4290054954264191,59.30669212231082,-12.0776447022989,-45.44574187066962,-13.96490306088485,-13.08601761671601,-14.70722752914658,15.55510240487263,2.076575307141273,-3.694207777704247,-3.073644099305666
evreg2,6.relative_year_bin_aux,-196.0950921948831,119.8473350931087,-908.5887766652208,-908.6086609852641,-583.4729943952641,-304.9940989014191,422.5177620213788,985.5518302605889,1074.456193795566,1099.406857456736,1116.209743420197,0,.5561578343388037,-70.26314989182802,5.715863051124392,41.92452903347291,11.21960378175055,5.260854108044951,4.853238167042934,-27.60548480449439,-7.755634247952306,-3.051163079795415,-3.70813134058036
evreg2,7.relative_year_bin_aux,-444.7394051368284,119.8473350931087,-2196.203276561846,-2201.551182134787,-1408.780700182302,-746.411128046142,985.5518302605889,2418.131489437863,2675.314898244388,2723.316785983827,2758.969824570166,0,1.202684077000779,-163.3570652152734,25.19783609063278,123.625478604621,35.83878799719282,25.42190712816363,32.79934243874129,-68.37864768877371,-19.34627970859927,2.296230025487602,.4197769819291056
evreg2,8.relative_year_bin_aux,-551.8296464057061,119.8473350931087,-2341.985359533539,-2342.942061265005,-1548.989385458246,-834.5201898898954,1074.456193795566,2675.314898244388,3347.780077832845,3544.103917659907,3684.50637184129,0,1.402739049123117,-171.6247250585037,31.26188892001646,120.9598412628532,45.63722832165648,35.38302589460214,43.24960709018009,-41.29377031125409,-45.7090838889616,-4.308196569560991,-12.82531296598122
evreg2,9.relative_year_bin_aux,-693.0448587619139,119.8473350931087,-2389.884847554187,-2391.721970922983,-1580.898158227592,-849.3384000201949,1099.406857456736,2723.316785983827,3544.103917659907,3954.525393682201,4248.783804510817,0,1.790820057627262,-184.2678327813288,34.249118482364,123.7001235212156,46.05753472955266,34.76805662968361,42.71660131475649,-36.19548372276702,-35.59699637794931,-15.11082264943418,-33.91191013351843
evreg2,10.relative_year_bin_aux,-775.9645434524077,119.8473350931087,-2431.240181813536,-2433.132595325001,-1608.416593295003,-861.5903502747501,1116.209743420197,2758.969824570166,3684.50637184129,4248.783804510817,4742.624282699529,0,2.04008251852271,-192.435199038543,35.49297762838185,126.022638283734,47.74391770861914,34.45238945643013,42.57033600758751,-33.70685241115088,-30.48714718204689,-10.38397781093909,-60.7679945994255
evreg2,1o.treat,0,119.8473350931087,0,0,0,0,0,0,0,0,0,0,0,0,0,0,0,0,0,0,0,0,0
evreg2,wind_direction,-1.760369933130502,119.8473350931087,-1.4374576526653,-1.386636964957949,-.9146399301827233,-.4290054954264191,.5561578343388037,1.202684077000779,1.402739049123117,1.790820057627262,2.04008251852271,0,.0037055891685047,-.2234214577866288,.0010414185856595,.0502022849097342,.0178106827212413,-.0126163543171908,-.0135514679484084,-.062452024785778,.0021310036690342,-.0429382703248286,-.0487850539298652
evreg2,av_wind_speed,147.6252917262054,119.8473350931087,221.8880621717245,190.392446373201,119.137356281022,59.30669212231082,-70.26314989182802,-163.3570652152734,-171.6247250585037,-184.2678327813288,-192.435199038543,0,-.2234214577866288,34.13531122777806,-5.338449600230334,-10.33876381692183,-3.641688358364525,-1.433882995931288,-2.054325975450232,5.348087500328747,-.2270632886243439,2.605191770823208,2.588426830220181
evreg2,1bn.relative_year_bin_aux#1.treat,-4.876445632937474,119.8473350931087,-164.8675438480301,-59.66849936184908,-22.79911626336257,-12.0776447022989,5.715863051124392,25.19783609063278,31.26188892001646,34.249118482364,35.49297762838185,0,.0010414185856595,-5.338449600230334,119.2780567891543,13.00210689889413,18.66148118026011,17.51846402127556,17.61763153252133,12.72667980875645,16.41592786058251,15.08249183021771,14.5807804568295
evreg2,2.relative_year_bin_aux#1.treat,10.0254823277243,119.8473350931087,-132.1298957537527,-178.8187634981096,-80.56615030885111,-45.44574187066962,41.92452903347291,123.625478604621,120.9598412628532,123.7001235212156,126.022638283734,0,.0502022849097342,-10.33876381692183,13.00210689889413,108.4056002251073,21.29360738184557,19.69700121001901,21.54234130494293,-11.52893982068202,16.80807447138404,16.59928713320961,15.55775310304303
evreg2,3.relative_year_bin_aux#1.treat,-3.619038192036946,119.8473350931087,2.771296571276809,-16.14305763532482,-32.5355005544332,-13.96490306088485,11.21960378175055,35.83878799719282,45.63722832165648,46.05753472955266,47.74391770861914,0,.0178106827212413,-3.641688358364525,18.66148118026011,21.29360738184557,42.69234310253118,17.53509496298773,16.08527546795042,13.31892374944068,10.98020378201437,14.84772715126557,14.3111540280118
evreg2,4.relative_year_bin_aux#1.treat,4.294655651851379,119.8473350931087,-16.24317479475329,-20.84832939030295,-13.78663216728821,-13.08601761671601,5.260854108044951,25.42190712816363,35.38302589460214,34.76805662968361,34.45238945643013,0,-.0126163543171908,-1.433882995931288,17.51846402127556,19.69700121001901,17.53509496298773,22.7352957332906,15.0584040082328,11.85766910185458,12.00646605738013,13.11165956940228,13.16856296002478
evreg2,6.relative_year_bin_aux#1.treat,3.252527391622765,119.8473350931087,-33.26106103502294,-34.4897319965723,-21.37648758218432,-14.70722752914658,4.853238167042934,32.79934243874129,43.24960709018009,42.71660131475649,42.57033600758751,0,-.0135514679484084,-2.054325975450232,17.61763153252133,21.54234130494293,16.08527546795042,15.0584040082328,23.37941233058573,9.753069470134527,12.2529272034088,12.70651229809856,12.01896940856198
evreg2,7.relative_year_bin_aux#1.treat,17.99424853081062,119.8473350931087,61.54222989223344,67.39419376539956,34.76546846441378,15.55510240487263,-27.60548480449439,-68.37864768877371,-41.29377031125409,-36.19548372276702,-33.70685241115088,0,-.062452024785778,5.348087500328747,12.72667980875645,-11.52893982068202,13.31892374944068,11.85766910185458,9.753069470134527,40.64434037507265,9.445538122333391,8.976183513581953,8.353953658976369
evreg2,8.relative_year_bin_aux#1.treat,6.693184124855488,119.8473350931087,2.302251490533634,1.15116816419328,4.991444123800327,2.076575307141273,-7.755634247952306,-19.34627970859927,-45.7090838889616,-35.59699637794931,-30.48714718204689,0,.0021310036690342,-.2270632886243439,16.41592786058251,16.80807447138404,10.98020378201437,12.00646605738013,12.2529272034088,9.445538122333391,33.65227665763162,14.46987469074732,11.36812227071471
evreg2,9.relative_year_bin_aux#1.treat,20.16268521139658,119.8473350931087,-1.766107144675371,-3.565711244743382,-2.435745151490091,-3.694207777704247,-3.051163079795415,2.296230025487602,-4.308196569560991,-15.11082264943418,-10.38397781093909,0,-.0429382703248286,2.605191770823208,15.08249183021771,16.59928713320961,14.84772715126557,13.11165956940228,12.70651229809856,8.976183513581953,14.46987469074732,28.21031070079426,16.9939712759382
evreg2,10.relative_year_bin_aux#1.treat,12.59003992742056,119.8473350931087,1.827706678683122,-.9859258937223649,-1.026256152892435,-3.073644099305666,-3.70813134058036,.4197769819291056,-12.82531296598122,-33.91191013351843,-60.7679945994255,0,-.0487850539298652,2.588426830220181,14.5807804568295,15.55775310304303,14.3111540280118,13.16856296002478,12.01896940856198,8.353953658976369,11.36812227071471,16.9939712759382,33.45223988260398
evreg3,1bno.relative_year_bin_aux,0,119.8473350931087,0,0,0,0,0,0,0,0,0,0,0,0,0,0,0,0,0,0,0,0,0
evreg3,2o.relative_year_bin_aux,0,119.8473350931087,0,0,0,0,0,0,0,0,0,0,0,0,0,0,0,0,0,0,0,0,0
evreg3,3o.relative_year_bin_aux,0,119.8473350931087,0,0,0,0,0,0,0,0,0,0,0,0,0,0,0,0,0,0,0,0,0
evreg3,4o.relative_year_bin_aux,0,119.8473350931087,0,0,0,0,0,0,0,0,0,0,0,0,0,0,0,0,0,0,0,0,0
evreg3,6o.relative_year_bin_aux,0,119.8473350931087,0,0,0,0,0,0,0,0,0,0,0,0,0,0,0,0,0,0,0,0,0
evreg3,7o.relative_year_bin_aux,0,119.8473350931087,0,0,0,0,0,0,0,0,0,0,0,0,0,0,0,0,0,0,0,0,0
evreg3,8o.relative_year_bin_aux,0,119.8473350931087,0,0,0,0,0,0,0,0,0,0,0,0,0,0,0,0,0,0,0,0,0
evreg3,9o.relative_year_bin_aux,0,119.8473350931087,0,0,0,0,0,0,0,0,0,0,0,0,0,0,0,0,0,0,0,0,0
evreg3,10o.relative_year_bin_aux,0,119.8473350931087,0,0,0,0,0,0,0,0,0,0,0,0,0,0,0,0,0,0,0,0,0
evreg3,1o.treat,0,119.8473350931087,0,0,0,0,0,0,0,0,0,0,0,0,0,0,0,0,0,0,0,0,0
evreg3,wind_direction,-1.565724157783479,119.8473350931087,0,0,0,0,0,0,0,0,0,0,.0052998410226863,-.2364477351398237,.0720123372172762,.0978728292362481,-.0073902563080387,.0029028520494741,-.0352036955612655,-.0910887266030277,-.0598777732853601,-.1045576642085359,-.0814251774705873
evreg3,av_wind_speed,124.3622966810565,119.8473350931087,0,0,0,0,0,0,0,0,0,0,-.2364477351398237,54.27214957587621,-7.486940787139698,-11.65461170888953,-.6470172865088132,-.1289307816639957,.6547576412239473,5.816878057861323,2.093915797982221,8.509554618877454,5.04484558190989
evreg3,1bn.relative_year_bin_aux#1.treat,-11.21066577785088,119.8473350931087,0,0,0,0,0,0,0,0,0,0,.0720123372172762,-7.486940787139698,79.66539298088425,24.38761940318105,20.9269828308806,7.928816286351547,7.590607333590504,6.526703367729318,7.436010538635746,3.492384266749139,2.269791020894732
evreg3,2.relative_year_bin_aux#1.treat,-8.189984214484841,119.8473350931087,0,0,0,0,0,0,0,0,0,0,.0978728292362481,-11.65461170888953,24.38761940318105,80.16710189658669,22.90913044486949,17.15888275874171,20.86504813143564,2.454757262976765,14.33863399087938,11.11664773441094,9.012545979268769
evreg3,3.relative_year_bin_aux#1.treat,10.16459471564458,119.8473350931087,0,0,0,0,0,0,0,0,0,0,-.0073902563080387,-.6470172865088132,20.9269828308806,22.90913044486949,34.19527798915549,13.24537593464421,13.8678195944661,13.16203489451627,12.47722368183988,11.60684573994067,10.48454059303568
evreg3,4.relative_year_bin_aux#1.treat,7.096875977200988,119.8473350931087,0,0,0,0,0,0,0,0,0,0,.0029028520494741,-.1289307816639957,7.928816286351547,17.15888275874171,13.24537593464421,23.90284601383397,13.39849351548586,13.14002520200019,16.23307651876512,12.42989913236582,12.47903168573939
evreg3,6.relative_year_bin_aux#1.treat,16.72470958815731,119.8473350931087,0,0,0,0,0,0,0,0,0,0,-.0352036955612655,.6547576412239473,7.590607333590504,20.86504813143564,13.8678195944661,13.39849351548586,25.20731609111308,13.11667908565042,19.21897183737756,12.2675822238302,12.00721817063983
evreg3,7.relative_year_bin_aux#1.treat,32.71222260784877,119.8473350931087,0,0,0,0,0,0,0,0,0,0,-.0910887266030277,5.816878057861323,6.526703367729318,2.454757262976765,13.16203489451627,13.14002520200019,13.11667908565042,29.55163629825917,21.02898336285945,14.81055139553417,14.93558462713359
evreg3,8.relative_year_bin_aux#1.treat,44.04195896509727,119.8473350931087,0,0,0,0,0,0,0,0,0,0,-.0598777732853601,2.093915797982221,7.436010538635746,14.33863399087938,12.47722368183988,16.23307651876512,19.21897183737756,21.02898336285945,56.7072659727118,28.23400179962047,22.13602982648478
evreg3,9.relative_year_bin_aux#1.treat,57.02903429016985,119.8473350931087,0,0,0,0,0,0,0,0,0,0,-.1045576642085359,8.509554618877454,3.492384266749139,11.11664773441094,11.60684573994067,12.42989913236582,12.2675822238302,14.81055139553417,28.23400179962047,49.23093123011819,29.52237916954854
evreg3,10.relative_year_bin_aux#1.treat,39.22836136033681,119.8473350931087,0,0,0,0,0,0,0,0,0,0,-.0814251774705873,5.04484558190989,2.269791020894732,9.012545979268769,10.48454059303568,12.47903168573939,12.00721817063983,14.93558462713359,22.13602982648478,29.52237916954854,41.30888330588028
evreg4,1bno.relative_year_bin_aux,0,119.8473350931087,0,0,0,0,0,0,0,0,0,0,0,0,0,0,0,0,0,0,0,0,0
evreg4,2o.relative_year_bin_aux,0,119.8473350931087,0,0,0,0,0,0,0,0,0,0,0,0,0,0,0,0,0,0,0,0,0
evreg4,3o.relative_year_bin_aux,0,119.8473350931087,0,0,0,0,0,0,0,0,0,0,0,0,0,0,0,0,0,0,0,0,0
evreg4,4o.relative_year_bin_aux,0,119.8473350931087,0,0,0,0,0,0,0,0,0,0,0,0,0,0,0,0,0,0,0,0,0
evreg4,6o.relative_year_bin_aux,0,119.8473350931087,0,0,0,0,0,0,0,0,0,0,0,0,0,0,0,0,0,0,0,0,0
evreg4,7o.relative_year_bin_aux,0,119.8473350931087,0,0,0,0,0,0,0,0,0,0,0,0,0,0,0,0,0,0,0,0,0
evreg4,8o.relative_year_bin_aux,0,119.8473350931087,0,0,0,0,0,0,0,0,0,0,0,0,0,0,0,0,0,0,0,0,0
evreg4,9o.relative_year_bin_aux,0,119.8473350931087,0,0,0,0,0,0,0,0,0,0,0,0,0,0,0,0,0,0,0,0,0
evreg4,10o.relative_year_bin_aux,0,119.8473350931087,0,0,0,0,0,0,0,0,0,0,0,0,0,0,0,0,0,0,0,0,0
evreg4,1o.treat,0,119.8473350931087,0,0,0,0,0,0,0,0,0,0,0,0,0,0,0,0,0,0,0,0,0
evreg4,wind_direction,-1.560036694278409,119.8473350931087,0,0,0,0,0,0,0,0,0,0,.0052707901714599,-.2348901424134114,.0510264858018907,.0765345477653517,-.0094326519479039,.005680710860843,.0044495784202043,-.0380815813991679,.0208752496714835,-.0180457154381877,-.0008571218293686
evreg4,av_wind_speed,122.2146378805818,119.8473350931087,0,0,0,0,0,0,0,0,0,0,-.2348901424134114,53.53605185221787,-6.869264828681875,-10.92475403394137,-1.060579583346242,-.8376234004600902,-2.065609185239063,1.441851583442588,-4.695705066634363,.2925939829951807,-2.532310805179865
evreg4,1bn.relative_year_bin_aux#1.treat,1.855604669145843,119.8473350931087,0,0,0,0,0,0,0,0,0,0,.0510264858018907,-6.869264828681875,59.13426864071004,22.22153781526762,15.9942737295104,8.646878273457997,10.38913499645756,7.914066255865222,14.03114872511816,9.293193524718406,9.355597261505586
evreg4,2.relative_year_bin_aux#1.treat,-.5501667786400752,119.8473350931087,0,0,0,0,0,0,0,0,0,0,.0765345477653517,-10.92475403394137,22.22153781526762,82.62312815284349,19.73284512620029,18.63915758895326,20.56229246112449,4.398141254447244,21.25434402410284,16.94033102103094,16.15202966741465
evreg4,3.relative_year_bin_aux#1.treat,8.249756423708927,119.8473350931087,0,0,0,0,0,0,0,0,0,0,-.0094326519479039,-1.060579583346242,15.9942737295104,19.73284512620029,32.35427021447437,13.74668538723574,11.88610566226152,11.42165992185607,12.51050258110473,11.71420368309873,11.34260058780178
evreg4,4.relative_year_bin_aux#1.treat,3.848422285505126,119.8473350931087,0,0,0,0,0,0,0,0,0,0,.005680710860843,-.8376234004600902,8.646878273457997,18.63915758895326,13.74668538723574,24.00861843457829,11.85511456160691,11.21433830602727,15.1987377339277,11.83599021724917,12.39557170122432
evreg4,6.relative_year_bin_aux#1.treat,.6063068575168897,119.8473350931087,0,0,0,0,0,0,0,0,0,0,.0044495784202043,-2.065609185239063,10.38913499645756,20.56229246112449,11.88610566226152,11.85511456160691,20.89276782818641,9.292539848921445,12.50246449297207,10.44367147970098,10.09077355248264
evreg4,7.relative_year_bin_aux#1.treat,8.668231805781986,119.8473350931087,0,0,0,0,0,0,0,0,0,0,-.0380815813991679,1.441851583442588,7.914066255865222,4.398141254447244,11.42165992185607,11.21433830602727,9.292539848921445,23.5669835332654,11.09696323670258,7.45944003028663,10.33929201867488
evreg4,8.relative_year_bin_aux#1.treat,7.676502168970709,119.8473350931087,0,0,0,0,0,0,0,0,0,0,.0208752496714835,-4.695705066634363,14.03114872511816,21.25434402410284,12.51050258110473,15.1987377339277,12.50246449297207,11.09696323670258,44.25651412383756,15.96762937235584,14.82822251371628
evreg4,9.relative_year_bin_aux#1.treat,16.86510455833115,119.8473350931087,0,0,0,0,0,0,0,0,0,0,-.0180457154381877,.2925939829951807,9.293193524718406,16.94033102103094,11.71420368309873,11.83599021724917,10.44367147970098,7.45944003028663,15.96762937235584,29.61020245057512,16.44844739526594
evreg4,10.relative_year_bin_aux#1.treat,3.107152895306242,119.8473350931087,0,0,0,0,0,0,0,0,0,0,-.0008571218293686,-2.532310805179865,9.355597261505586,16.15202966741465,11.34260058780178,12.39557170122432,10.09077355248264,10.33929201867488,14.82822251371628,16.44844739526594,32.88775815723697
evreg5,1bno.relative_year_bin_aux,0,119.8473350931087,0,0,0,0,0,0,0,0,0,0,0,0,0,0,0,0,0,0,0,0,0
evreg5,2o.relative_year_bin_aux,0,119.8473350931087,0,0,0,0,0,0,0,0,0,0,0,0,0,0,0,0,0,0,0,0,0
evreg5,3o.relative_year_bin_aux,0,119.8473350931087,0,0,0,0,0,0,0,0,0,0,0,0,0,0,0,0,0,0,0,0,0
evreg5,4o.relative_year_bin_aux,0,119.8473350931087,0,0,0,0,0,0,0,0,0,0,0,0,0,0,0,0,0,0,0,0,0
evreg5,6o.relative_year_bin_aux,0,119.8473350931087,0,0,0,0,0,0,0,0,0,0,0,0,0,0,0,0,0,0,0,0,0
evreg5,7o.relative_year_bin_aux,0,119.8473350931087,0,0,0,0,0,0,0,0,0,0,0,0,0,0,0,0,0,0,0,0,0
evreg5,8o.relative_year_bin_aux,0,119.8473350931087,0,0,0,0,0,0,0,0,0,0,0,0,0,0,0,0,0,0,0,0,0
evreg5,9o.relative_year_bin_aux,0,119.8473350931087,0,0,0,0,0,0,0,0,0,0,0,0,0,0,0,0,0,0,0,0,0
evreg5,10o.relative_year_bin_aux,0,119.8473350931087,0,0,0,0,0,0,0,0,0,0,0,0,0,0,0,0,0,0,0,0,0
evreg5,1o.treat,0,119.8473350931087,0,0,0,0,0,0,0,0,0,0,0,0,0,0,0,0,0,0,0,0,0
evreg5,wind_direction,-1.524634039030583,119.8473350931087,0,0,0,0,0,0,0,0,0,0,.0051657275408933,-.2124279630630025,.0659030449906277,.1048572060724045,.0154690089107871,.0318557524072762,.0073058249472567,-.0473065522412896,.0266868532809678,-.0102209073860948,-.0001102860204385
evreg5,av_wind_speed,116.6320001881165,119.8473350931087,0,0,0,0,0,0,0,0,0,0,-.2124279630630025,51.83370902632659,-7.223215184789355,-11.24532073108732,-.9492366003980354,-2.876867821152893,-1.854928729083238,2.609894953198138,-2.534816060035809,-.2301513259905855,-2.087232508823243
evreg5,1bn.relative_year_bin_aux#1.treat,-11.34561043003593,119.8473350931087,0,0,0,0,0,0,0,0,0,0,.0659030449906277,-7.223215184789355,83.12387459813633,9.93164861022176,18.86957243946688,12.8660628105085,13.40272188669542,10.3878158472663,13.15939040396764,11.41421055762828,11.31164422586487
evreg5,2.relative_year_bin_aux#1.treat,-4.893588216593394,119.8473350931087,0,0,0,0,0,0,0,0,0,0,.1048572060724045,-11.24532073108732,9.93164861022176,90.63182331435578,16.96583319860703,18.12755504710976,19.31085877920746,-4.208304825489215,15.76541002257951,14.15516801546742,14.42755202534234
evreg5,3.relative_year_bin_aux#1.treat,3.632455644629224,119.8473350931087,0,0,0,0,0,0,0,0,0,0,.0154690089107871,-.9492366003980354,18.86957243946688,16.96583319860703,28.95771815667572,12.22394964730702,12.08692693334385,11.691440589775,9.060339733165174,10.77671717259201,10.30206653903069
evreg5,4.relative_year_bin_aux#1.treat,-3.790291272034186,119.8473350931087,0,0,0,0,0,0,0,0,0,0,.0318557524072762,-2.876867821152893,12.8660628105085,18.12755504710976,12.22394964730702,20.15703954771304,12.81468303324365,9.715160814148552,11.39941307012199,10.84748441551795,11.38389436520664
evreg5,6.relative_year_bin_aux#1.treat,.9529433441373893,119.8473350931087,0,0,0,0,0,0,0,0,0,0,.0073058249472567,-1.854928729083238,13.40272188669542,19.31085877920746,12.08692693334385,12.81468303324365,20.38931567549988,8.861450515637218,11.93909476789562,10.82247635555916,10.50620846772126
evreg5,7.relative_year_bin_aux#1.treat,13.59422535859691,119.8473350931087,0,0,0,0,0,0,0,0,0,0,-.0473065522412896,2.609894953198138,10.3878158472663,-4.208304825489215,11.691440589775,9.715160814148552,8.861450515637218,29.9079712428115,8.140441745697036,9.103089478418697,8.754361762441539
evreg5,8.relative_year_bin_aux#1.treat,6.085662942787414,119.8473350931087,0,0,0,0,0,0,0,0,0,0,.0266868532809678,-2.534816060035809,13.15939040396764,15.76541002257951,9.060339733165174,11.39941307012199,11.93909476789562,8.140441745697036,32.43861232323111,13.96292998069028,11.85364340698077
evreg5,9.relative_year_bin_aux#1.treat,12.80773032460839,119.8473350931087,0,0,0,0,0,0,0,0,0,0,-.0102209073860948,-.2301513259905855,11.41421055762828,14.15516801546742,10.77671717259201,10.84748441551795,10.82247635555916,9.103089478418697,13.96292998069028,25.05519150616146,13.83399898023422
evreg5,10.relative_year_bin_aux#1.treat,3.171162613396067,119.8473350931087,0,0,0,0,0,0,0,0,0,0,-.0001102860204385,-2.087232508823243,11.31164422586487,14.42755202534234,10.30206653903069,11.38389436520664,10.50620846772126,8.754361762441539,11.85364340698077,13.83399898023422,32.35612924770961
evreg6,1bno.relative_year_bin_aux,0,119.8473350931087,0,0,0,0,0,0,0,0,0,0,0,0,0,0,0,0,0,0,0,0,0
evreg6,2o.relative_year_bin_aux,0,119.8473350931087,0,0,0,0,0,0,0,0,0,0,0,0,0,0,0,0,0,0,0,0,0
evreg6,3o.relative_year_bin_aux,0,119.8473350931087,0,0,0,0,0,0,0,0,0,0,0,0,0,0,0,0,0,0,0,0,0
evreg6,4o.relative_year_bin_aux,0,119.8473350931087,0,0,0,0,0,0,0,0,0,0,0,0,0,0,0,0,0,0,0,0,0
evreg6,6o.relative_year_bin_aux,0,119.8473350931087,0,0,0,0,0,0,0,0,0,0,0,0,0,0,0,0,0,0,0,0,0
evreg6,7o.relative_year_bin_aux,0,119.8473350931087,0,0,0,0,0,0,0,0,0,0,0,0,0,0,0,0,0,0,0,0,0
evreg6,8o.relative_year_bin_aux,0,119.8473350931087,0,0,0,0,0,0,0,0,0,0,0,0,0,0,0,0,0,0,0,0,0
evreg6,9o.relative_year_bin_aux,0,119.8473350931087,0,0,0,0,0,0,0,0,0,0,0,0,0,0,0,0,0,0,0,0,0
evreg6,10o.relative_year_bin_aux,0,119.8473350931087,0,0,0,0,0,0,0,0,0,0,0,0,0,0,0,0,0,0,0,0,0
evreg6,1o.treat,0,119.8473350931087,0,0,0,0,0,0,0,0,0,0,0,0,0,0,0,0,0,0,0,0,0
evreg6,wind_direction,-1.224347751053158,119.8473350931087,0,0,0,0,0,0,0,0,0,0,.0035881164968175,-.5553402647171695,.0505927726347215,.0929539330062835,-.0004107849564598,.0017234246133092,-.0029588718525712,-.0392333290339223,.0087954466848394,-.0223020030081416,.0053504684419928
evreg6,av_wind_speed,285.311412146255,119.8473350931087,0,0,0,0,0,0,0,0,0,0,-.5553402647171695,174.7152947344655,-11.06384009893053,-25.51944093473224,.6171751333261145,1.660175725858344,-.757514513709,7.972590819061104,-5.351687409063711,4.900147469533199,-2.99373061771822
evreg6,1bn.relative_year_bin_aux#1.treat,1.477671465421024,119.8473350931087,0,0,0,0,0,0,0,0,0,0,.0505927726347215,-11.06384009893053,68.06895600815072,24.58471944238629,18.51516501730447,7.647288958982623,11.39198462884392,7.562287119899259,14.40068016226179,9.923654339898441,10.2263322673969
evreg6,2.relative_year_bin_aux#1.treat,-6.836419061401342,119.8473350931087,0,0,0,0,0,0,0,0,0,0,.0929539330062835,-25.51944093473224,24.58471944238629,122.7446036102297,22.72313024218607,20.88013643863214,26.23269785252688,-2.365433424001937,25.08711621683658,20.60312179131629,20.14924692609363
evreg6,3.relative_year_bin_aux#1.treat,9.83415235469881,119.8473350931087,0,0,0,0,0,0,0,0,0,0,-.0004107849564598,.6171751333261145,18.51516501730447,22.72313024218607,37.18602793073811,15.24492061640788,12.69722924607587,13.59318924103395,15.15921297713957,13.7279068999806,13.34776481289802
evreg6,4.relative_year_bin_aux#1.treat,7.944324324068271,119.8473350931087,0,0,0,0,0,0,0,0,0,0,.0017234246133092,1.660175725858344,7.647288958982623,20.88013643863214,15.24492061640788,23.83250006141653,11.68740689296486,11.06223424375982,14.2809874270607,11.69673290714854,12.38483118623609
evreg6,6.relative_year_bin_aux#1.treat,4.397808667844903,119.8473350931087,0,0,0,0,0,0,0,0,0,0,-.0029588718525712,-.757514513709,11.39198462884392,26.23269785252688,12.69722924607587,11.68740689296486,20.76028750916808,7.762861294182895,14.29039203173504,10.28854534915991,10.19178708542643
evreg6,7.relative_year_bin_aux#1.treat,12.61288172561199,119.8473350931087,0,0,0,0,0,0,0,0,0,0,-.0392333290339223,7.972590819061104,7.562287119899259,-2.365433424001937,13.59318924103395,11.06223424375982,7.762861294182895,29.10157384791389,11.25908022870412,5.8801712931932,11.09139483563484
evreg6,8.relative_year_bin_aux#1.treat,10.08808334727207,119.8473350931087,0,0,0,0,0,0,0,0,0,0,.0087954466848394,-5.351687409063711,14.40068016226179,25.08711621683658,15.15921297713957,14.2809874270607,14.29039203173504,11.25908022870412,41.86114100747037,16.85450021475716,14.08546892989384
evreg6,9.relative_year_bin_aux#1.treat,21.66258847594818,119.8473350931087,0,0,0,0,0,0,0,0,0,0,-.0223020030081416,4.900147469533199,9.923654339898441,20.60312179131629,13.7279068999806,11.69673290714854,10.28854534915991,5.8801712931932,16.85450021475716,32.23070827868058,16.91825999091639
evreg6,10.relative_year_bin_aux#1.treat,1.143503947024575,119.8473350931087,0,0,0,0,0,0,0,0,0,0,.0053504684419928,-2.99373061771822,10.2263322673969,20.14924692609363,13.34776481289802,12.38483118623609,10.19178708542643,11.09139483563484,14.08546892989384,16.91825999091639,34.32774164767854
evreg7,1bno.relative_year_bin_aux,0,119.8473350931087,0,0,0,0,0,0,0,0,0,0,0,0,0,0,0,0,0,0,0,0,0
evreg7,2o.relative_year_bin_aux,0,119.8473350931087,0,0,0,0,0,0,0,0,0,0,0,0,0,0,0,0,0,0,0,0,0
evreg7,3o.relative_year_bin_aux,0,119.8473350931087,0,0,0,0,0,0,0,0,0,0,0,0,0,0,0,0,0,0,0,0,0
evreg7,4o.relative_year_bin_aux,0,119.8473350931087,0,0,0,0,0,0,0,0,0,0,0,0,0,0,0,0,0,0,0,0,0
evreg7,6o.relative_year_bin_aux,0,119.8473350931087,0,0,0,0,0,0,0,0,0,0,0,0,0,0,0,0,0,0,0,0,0
evreg7,7o.relative_year_bin_aux,0,119.8473350931087,0,0,0,0,0,0,0,0,0,0,0,0,0,0,0,0,0,0,0,0,0
evreg7,8o.relative_year_bin_aux,0,119.8473350931087,0,0,0,0,0,0,0,0,0,0,0,0,0,0,0,0,0,0,0,0,0
evreg7,9o.relative_year_bin_aux,0,119.8473350931087,0,0,0,0,0,0,0,0,0,0,0,0,0,0,0,0,0,0,0,0,0
evreg7,10o.relative_year_bin_aux,0,119.8473350931087,0,0,0,0,0,0,0,0,0,0,0,0,0,0,0,0,0,0,0,0,0
evreg7,1o.treat,0,119.8473350931087,0,0,0,0,0,0,0,0,0,0,0,0,0,0,0,0,0,0,0,0,0
evreg7,wind_direction,-1.187931782038528,119.8473350931087,0,0,0,0,0,0,0,0,0,0,.0034425906205927,-.5148877429908517,.077695550221009,.124411610459594,.0330241855760886,.0335997113372145,.0102638687156031,-.0390748222909224,.0179707974993887,-.0086128943102967,-.0058316385446558
evreg7,av_wind_speed,271.9777270370864,119.8473350931087,0,0,0,0,0,0,0,0,0,0,-.5148877429908517,160.2942786818331,-18.87783709104713,-29.74658970024159,-5.455042372496545,-6.592606749657287,-3.161306338664156,8.778282822234139,-5.118721160546974,1.826369970567076,1.297556905904684
evreg7,1bn.relative_year_bin_aux#1.treat,-22.61230813959935,119.8473350931087,0,0,0,0,0,0,0,0,0,0,.077695550221009,-18.87783709104713,111.4646624134745,7.743401772164813,22.49081059601908,15.89433044176033,16.95180753077214,12.5376072757752,16.77299470376958,14.96662945327301,14.18229395831816
evreg7,2.relative_year_bin_aux#1.treat,-14.42864284140276,119.8473350931087,0,0,0,0,0,0,0,0,0,0,.124411610459594,-29.74658970024159,7.743401772164813,138.7945716106337,20.43747183965643,22.9348022927455,23.34314901569956,-17.04114667922374,19.235140987612,17.74353487753931,16.78204399983228
evreg7,3.relative_year_bin_aux#1.treat,-1.201583098587044,119.8473350931087,0,0,0,0,0,0,0,0,0,0,.0330241855760886,-5.455042372496545,22.49081059601908,20.43747183965643,33.67676598583478,14.28913317293341,13.55731087723584,13.37540694359358,10.3450979508024,12.80449723757995,12.19915679633962
evreg7,4.relative_year_bin_aux#1.treat,-5.780097041209292,119.8473350931087,0,0,0,0,0,0,0,0,0,0,.0335997113372145,-6.592606749657287,15.89433044176033,22.9348022927455,14.28913317293341,21.43577396700526,13.95998379716539,9.961885672763623,12.36138583779797,12.11249483286952,12.27429023940573
evreg7,6.relative_year_bin_aux#1.treat,-.1560740428314222,119.8473350931087,0,0,0,0,0,0,0,0,0,0,.0102638687156031,-3.161306338664156,16.95180753077214,23.34314901569956,13.55731087723584,13.95998379716539,21.40972090682096,9.671323375713428,13.07641454689354,12.07448631205616,11.47670558769542
evreg7,7.relative_year_bin_aux#1.treat,12.90964322085303,119.8473350931087,0,0,0,0,0,0,0,0,0,0,-.0390748222909224,8.778282822234139,12.5376072757752,-17.04114667922374,13.37540694359358,9.961885672763623,9.671323375713428,43.30461118444895,9.191946243940185,9.121662284982861,7.320554801218797
evreg7,8.relative_year_bin_aux#1.treat,5.653813422535022,119.8473350931087,0,0,0,0,0,0,0,0,0,0,.0179707974993887,-5.118721160546974,16.77299470376958,19.235140987612,10.3450979508024,12.36138583779797,13.07641454689354,9.191946243940185,33.99633586488051,15.09933390952538,12.77234952313018
evreg7,9.relative_year_bin_aux#1.treat,14.43413170700243,119.8473350931087,0,0,0,0,0,0,0,0,0,0,-.0086128943102967,1.826369970567076,14.96662945327301,17.74353487753931,12.80449723757995,12.11249483286952,12.07448631205616,9.121662284982861,15.09933390952538,27.30949917390326,16.30687809841575
evreg7,10.relative_year_bin_aux#1.treat,7.808431096379459,119.8473350931087,0,0,0,0,0,0,0,0,0,0,-.0058316385446558,1.297556905904684,14.18229395831816,16.78204399983228,12.19915679633962,12.27429023940573,11.47670558769542,7.320554801218797,12.77234952313018,16.30687809841575,34.07716559243578
evreg8,1bno.relative_year_bin_aux,0,119.8473350931087,0,0,0,0,0,0,0,0,0,0,0,0,0,0,0,0,0,0,0,0,0
evreg8,2o.relative_year_bin_aux,0,119.8473350931087,0,0,0,0,0,0,0,0,0,0,0,0,0,0,0,0,0,0,0,0,0
evreg8,3o.relative_year_bin_aux,0,119.8473350931087,0,0,0,0,0,0,0,0,0,0,0,0,0,0,0,0,0,0,0,0,0
evreg8,4o.relative_year_bin_aux,0,119.8473350931087,0,0,0,0,0,0,0,0,0,0,0,0,0,0,0,0,0,0,0,0,0
evreg8,6o.relative_year_bin_aux,0,119.8473350931087,0,0,0,0,0,0,0,0,0,0,0,0,0,0,0,0,0,0,0,0,0
evreg8,7o.relative_year_bin_aux,0,119.8473350931087,0,0,0,0,0,0,0,0,0,0,0,0,0,0,0,0,0,0,0,0,0
evreg8,8o.relative_year_bin_aux,0,119.8473350931087,0,0,0,0,0,0,0,0,0,0,0,0,0,0,0,0,0,0,0,0,0
evreg8,9o.relative_year_bin_aux,0,119.8473350931087,0,0,0,0,0,0,0,0,0,0,0,0,0,0,0,0,0,0,0,0,0
evreg8,10o.relative_year_bin_aux,0,119.8473350931087,0,0,0,0,0,0,0,0,0,0,0,0,0,0,0,0,0,0,0,0,0
evreg8,1o.treat,0,119.8473350931087,0,0,0,0,0,0,0,0,0,0,0,0,0,0,0,0,0,0,0,0,0
evreg8,wind_direction,-1.187931565819012,119.8473350931087,0,0,0,0,0,0,0,0,0,0,.0034427449021812,-.5149150258830492,.0777325594426098,.12446211833196,.0330647717530953,.0336313129493677,.0102861473288756,-.0390486432116262,.0180036938145158,-.0085841867753008,-.0058056420446091
evreg8,av_wind_speed,271.9777464389313,119.8473350931087,0,0,0,0,0,0,0,0,0,0,-.5149150258830492,160.2985696349021,-18.88787282704016,-29.75867357036805,-5.467874121247095,-6.601319660700448,-3.166596604758588,8.770794895148308,-5.126728559706688,1.81953046307695,1.290606914106437
