reg,var,beta,ymean,cov1,cov2,cov3,cov4,cov5,cov6,cov7,cov8,cov9,cov10,cov11,cov12,cov13,cov14,cov15,cov16,cov17,cov18,cov19,cov20,cov21
evreg1,1bno.relative_year_bin_aux,0,439.4768807690173,0,0,0,0,0,0,0,0,0,0,0,0,0,0,0,0,0,0,0,0,0
evreg1,2o.relative_year_bin_aux,0,439.4768807690173,0,0,0,0,0,0,0,0,0,0,0,0,0,0,0,0,0,0,0,0,0
evreg1,3o.relative_year_bin_aux,0,439.4768807690173,0,0,0,0,0,0,0,0,0,0,0,0,0,0,0,0,0,0,0,0,0
evreg1,4o.relative_year_bin_aux,0,439.4768807690173,0,0,0,0,0,0,0,0,0,0,0,0,0,0,0,0,0,0,0,0,0
evreg1,5o.relative_year_bin_aux,0,439.4768807690173,0,0,0,0,0,0,0,0,0,0,0,0,0,0,0,0,0,0,0,0,0
evreg1,6o.relative_year_bin_aux,0,439.4768807690173,0,0,0,0,0,0,0,0,0,0,0,0,0,0,0,0,0,0,0,0,0
evreg1,7o.relative_year_bin_aux,0,439.4768807690173,0,0,0,0,0,0,0,0,0,0,0,0,0,0,0,0,0,0,0,0,0
evreg1,9o.relative_year_bin_aux,0,439.4768807690173,0,0,0,0,0,0,0,0,0,0,0,0,0,0,0,0,0,0,0,0,0
evreg1,10o.relative_year_bin_aux,0,439.4768807690173,0,0,0,0,0,0,0,0,0,0,0,0,0,0,0,0,0,0,0,0,0
evreg1,1o.treat,0,439.4768807690173,0,0,0,0,0,0,0,0,0,0,0,0,0,0,0,0,0,0,0,0,0
evreg1,wind_direction,-.7166764079251668,439.4768807690173,0,0,0,0,0,0,0,0,0,0,.0089400499877876,-1.158277585665138,.0655339159329072,.0379321118695694,-.0266129220324581,-.0096620182477277,-.0954024058476836,-.1326696623827977,-.1995866250533682,.0145885847697184,-.3254403082668591
evreg1,av_wind_speed,156.2882126952076,439.4768807690173,0,0,0,0,0,0,0,0,0,0,-1.158277585665138,399.3184331452763,-50.13008671883218,-14.75412270466319,-5.873662713422913,-23.69924071908923,-2.767879025627413,17.39250598068553,40.84203951003474,-8.228450663362212,90.98054706799526
evreg1,1bn.relative_year_bin_aux#1.treat,24.2968535760135,439.4768807690173,0,0,0,0,0,0,0,0,0,0,.0655339159329072,-50.13008671883218,314.0040982880291,253.8047799941485,263.7245297981651,235.0597317918365,181.162623133982,90.77778937088182,48.08307971870697,75.50933242457089,134.0087335140035
evreg1,2.relative_year_bin_aux#1.treat,37.19160333339799,439.4768807690173,0,0,0,0,0,0,0,0,0,0,.0379321118695694,-14.75412270466319,253.8047799941485,268.5586048001214,249.3541416578752,224.7923803992215,170.0608154776823,88.38050870308369,40.47210629941666,83.52557266183511,146.2501305283898
evreg1,3.relative_year_bin_aux#1.treat,40.84209476678497,439.4768807690173,0,0,0,0,0,0,0,0,0,0,-.0266129220324581,-5.873662713422913,263.7245297981651,249.3541416578752,284.9115219902616,225.9383132233763,203.5370980071367,117.0743127061954,78.8606173557427,83.92149689483864,197.6145789835223
evreg1,4.relative_year_bin_aux#1.treat,33.32146982473628,439.4768807690173,0,0,0,0,0,0,0,0,0,0,-.0096620182477277,-23.69924071908923,235.0597317918365,224.7923803992215,225.9383132233763,237.0683538094712,172.96713566075,90.95507799289682,49.17851615621672,89.57487006584938,151.5314250663958
evreg1,5.relative_year_bin_aux#1.treat,51.54031332592018,439.4768807690173,0,0,0,0,0,0,0,0,0,0,-.0954024058476836,-2.767879025627413,181.162623133982,170.0608154776823,203.5370980071367,172.96713566075,215.2010543862789,120.0174821058002,95.93168566562235,73.88628462872451,208.5447938486514
evreg1,6.relative_year_bin_aux#1.treat,19.67685763670706,439.4768807690173,0,0,0,0,0,0,0,0,0,0,-.1326696623827977,17.39250598068553,90.77778937088182,88.38050870308369,117.0743127061954,90.95507799289682,120.0174821058002,116.8309873009004,75.7089363821717,41.00654970607096,111.9451128975688
evreg1,7.relative_year_bin_aux#1.treat,31.39610971471313,439.4768807690173,0,0,0,0,0,0,0,0,0,0,-.1995866250533682,40.84203951003474,48.08307971870697,40.47210629941666,78.8606173557427,49.17851615621672,95.93168566562235,75.7089363821717,107.4993064797839,19.07249502092142,135.9473660496375
evreg1,9.relative_year_bin_aux#1.treat,41.54322856869072,439.4768807690173,0,0,0,0,0,0,0,0,0,0,.0145885847697184,-8.228450663362212,75.50933242457089,83.52557266183511,83.92149689483864,89.57487006584938,73.88628462872451,41.00654970607096,19.07249502092142,94.4871195104166,109.7930665242193
evreg1,10.relative_year_bin_aux#1.treat,100.3911734461677,439.4768807690173,0,0,0,0,0,0,0,0,0,0,-.3254403082668591,90.98054706799526,134.0087335140035,146.2501305283898,197.6145789835223,151.5314250663958,208.5447938486514,111.9451128975688,135.9473660496375,109.7930665242193,438.0312745824148
evreg2,1bn.relative_year_bin_aux,-205.3060782415022,439.4768807690173,665.0149426798231,571.6338125703604,479.1744113142994,370.1478310746602,272.1476115706716,178.7572130390934,101.3067000588374,-140.1357620709374,-249.7427639084565,0,2.381777361734899,-43.98019933899983,-4.090998869395502,-22.31101736260456,-38.59442306416462,-13.76412348686144,-53.73391879461855,-36.6486602791212,-75.47633015189108,7.403681544610265,-148.7334174425065
evreg2,2.relative_year_bin_aux,-168.8072078789534,439.4768807690173,571.6338125703604,496.3590185043132,419.0764595985958,326.0707293637209,240.6082667925839,157.8827944285489,87.73012365811637,-120.2253774903684,-217.0056969857577,0,2.043712352137548,-39.71764175942821,-13.82108048351002,-28.35309541230846,-42.8960712907848,-20.7482640466182,-52.85644667971585,-34.4643047124662,-66.3648220385505,4.610928191097823,-131.086152856406
evreg2,3.relative_year_bin_aux,-118.791674767134,439.4768807690173,479.1744113142994,419.0764595985958,360.7477719329746,285.47404225604,213.250394622879,142.4520184056435,77.52018013838193,-101.6560802949263,-186.532184947024,0,1.674223795040233,-30.8581930488815,-10.6393778713781,-23.16642105811339,-35.42166361764441,-16.35117720858702,-42.03030615980345,-27.7627319286625,-54.71589570721618,2.725403835652644,-111.1628041367757
evreg2,4.relative_year_bin_aux,-71.78753402939222,439.4768807690173,370.1478310746602,326.0707293637209,285.47404225604,234.6254046268338,180.5401249337715,122.8123590362944,66.72936465094426,-79.94019551439388,-144.813208596676,0,1.238171273335467,-25.56107108312354,-13.29010125049934,-22.96488101361325,-31.77202120228003,-17.95770169306233,-35.96952662041564,-22.4977748287975,-44.2858893720603,.3888608902686408,-92.68269220264648
evreg2,5.relative_year_bin_aux,-38.10886312938644,439.4768807690173,272.1476115706716,240.6082667925839,213.250394622879,180.5401249337715,145.429848941442,102.4050974287623,56.51762111534155,-62.11421345825199,-109.9852851979119,0,.8869952402112194,-18.19456048985373,-8.557045856417039,-16.29368294500024,-21.58007462232739,-11.74636726982564,-23.79396365408143,-14.6292055223898,-32.75053345775085,-.2986224369742872,-71.4196009156507
evreg2,6.relative_year_bin_aux,-11.38073521818377,439.4768807690173,178.7572130390934,157.8827944285489,142.4520184056435,122.8123590362944,102.4050974287623,77.4391032228601,43.65649074061123,-43.91450273716583,-78.74069191888336,0,.5565702585583453,-10.35578420811011,-.8241658312739036,-6.859177762497221,-10.47046547141564,-4.013014138472428,-10.28892587570031,-7.373565992494439,-20.18640026195721,-1.571771881107232,-47.13381349841501
evreg2,7.relative_year_bin_aux,-21.25127964533483,439.4768807690173,101.3067000588374,87.73012365811637,77.52018013838193,66.72936465094426,56.51762111534155,43.65649074061123,27.53474009329618,-28.17177266906768,-45.46168256211136,0,.3407683717813072,-7.916559882866504,3.013301298732621,-.4723011394406008,-1.877463916449388,1.319239105053871,-1.079189936791301,-.4089832028314894,-10.22719127473994,.8267291443809655,-23.96881340032875
evreg2,9.relative_year_bin_aux,49.17023984638536,439.4768807690173,-140.1357620709374,-120.2253774903684,-101.6560802949263,-79.94019551439388,-62.11421345825199,-43.91450273716583,-28.17177266906768,39.85382827285481,69.20482597422696,0,-.5525153040092626,7.166480313297931,-2.942659157244955,-.2316841849498881,2.135502305399575,-3.331411670294155,1.096697715005761,-.0995114137744036,13.07891190298604,-3.569770503517453,27.62200330680943
evreg2,10.relative_year_bin_aux,55.22989622242682,439.4768807690173,-249.7427639084565,-217.0056969857577,-186.532184947024,-144.813208596676,-109.9852851979119,-78.74069191888336,-45.46168256211136,69.20482597422696,137.4817671417038,0,-.9503924583830892,3.734222335531587,-1.658139582645148,1.668185028989376,8.799123164720886,-1.724113457030819,7.424977518503899,5.007174815908855,25.06880886574223,-.8694233638113771,54.70932367069603
evreg2,1o.treat,0,439.4768807690173,0,0,0,0,0,0,0,0,0,0,0,0,0,0,0,0,0,0,0,0,0
evreg2,wind_direction,-1.401816659903765,439.4768807690173,2.381777361734899,2.043712352137548,1.674223795040233,1.238171273335467,.8869952402112194,.5565702585583453,.3407683717813072,-.5525153040092626,-.9503924583830892,0,.0125721893153472,-.1671344548863056,.0141996606114252,.0320835497780586,-.0262344521191022,.0325681445424684,-.0716489787352963,-.0591363155600051,-.2010161880493053,.1206965170420845,-.2384673953922321
evreg2,av_wind_speed,55.69602807022478,439.4768807690173,-43.98019933899983,-39.71764175942821,-30.8581930488815,-25.56107108312354,-18.19456048985373,-10.35578420811011,-7.916559882866504,7.166480313297931,3.734222335531587,0,-.1671344548863056,55.91369238085679,.0179222953612447,4.607572403841155,9.707498712594356,4.288397903159545,10.7124703351433,12.87801188957863,10.00318770284506,-3.462909658806329,5.643058187322032
evreg2,1bn.relative_year_bin_aux#1.treat,28.17071082386485,439.4768807690173,-4.090998869395502,-13.82108048351002,-10.6393778713781,-13.29010125049934,-8.557045856417039,-.8241658312739036,3.013301298732621,-2.942659157244955,-1.658139582645148,0,.0141996606114252,.0179222953612447,321.9501362970178,260.1965202910207,273.6789168120595,242.7200806114676,192.4755617867431,98.83415129702462,62.33782814560487,73.33914678210444,150.9544238475832
evreg2,2.relative_year_bin_aux#1.treat,34.62206465617605,439.4768807690173,-22.31101736260456,-28.35309541230846,-23.16642105811339,-22.96488101361325,-16.29368294500024,-6.859177762497221,-.4723011394406008,-.2316841849498881,1.668185028989376,0,.0320835497780586,4.607572403841155,260.1965202910207,268.6442093647727,252.8929726952969,226.7505143872252,173.2588528930745,91.47456916362292,44.6034693605146,83.6557964856179,145.3183691778973
evreg2,3.relative_year_bin_aux#1.treat,38.18934275457266,439.4768807690173,-38.59442306416462,-42.8960712907848,-35.42166361764441,-31.77202120228003,-21.58007462232739,-10.47046547141564,-1.877463916449388,2.135502305399575,8.799123164720886,0,-.0262344521191022,9.707498712594356,273.6789168120595,252.8929726952969,294.1264404236293,232.4069421330819,212.5024317005122,124.368435014923,88.39583848573592,86.3334923436521,205.8346735549202
evreg2,4.relative_year_bin_aux#1.treat,32.71984668102339,439.4768807690173,-13.76412348686144,-20.7482640466182,-16.35117720858702,-17.95770169306233,-11.74636726982564,-4.013014138472428,1.319239105053871,-3.331411670294155,-1.724113457030819,0,.0325681445424684,4.288397903159545,242.7200806114676,226.7505143872252,232.4069421330819,242.2355217138292,179.3171597350571,95.19776466157886,54.86739656210873,91.12160204816807,157.1742696006357
evreg2,5.relative_year_bin_aux#1.treat,49.96626450905489,439.4768807690173,-53.73391879461855,-52.85644667971585,-42.03030615980345,-35.96952662041564,-23.79396365408143,-10.28892587570031,-1.079189936791301,1.096697715005761,7.424977518503899,0,-.0716489787352963,10.7124703351433,192.4755617867431,173.2588528930745,212.5024317005122,179.3171597350571,224.1241251335838,126.5236538130105,104.7594528476484,76.8525912707814,216.8452639738739
evreg2,6.relative_year_bin_aux#1.treat,16.69440484224871,439.4768807690173,-36.6486602791212,-34.4643047124662,-27.7627319286625,-22.4977748287975,-14.6292055223898,-7.373565992494439,-.4089832028314894,-.0995114137744036,5.007174815908855,0,-.0591363155600051,12.87801188957863,98.83415129702462,91.47456916362292,124.368435014923,95.19776466157886,126.5236538130105,121.7267015183685,81.54900360929297,42.4891583443146,116.0220976004796
evreg2,7.relative_year_bin_aux#1.treat,33.10747583628508,439.4768807690173,-75.47633015189108,-66.3648220385505,-54.71589570721618,-44.2858893720603,-32.75053345775085,-20.18640026195721,-10.22719127473994,13.07891190298604,25.06880886574223,0,-.2010161880493053,10.00318770284506,62.33782814560487,44.6034693605146,88.39583848573592,54.86739656210873,104.7594528476484,81.54900360929297,118.8163769435908,18.58836393972585,143.0825509251652
evreg2,9.relative_year_bin_aux#1.treat,40.23344115649285,439.4768807690173,7.403681544610265,4.610928191097823,2.725403835652644,.3888608902686408,-.2986224369742872,-1.571771881107232,.8267291443809655,-3.569770503517453,-.8694233638113771,0,.1206965170420845,-3.462909658806329,73.33914678210444,83.6557964856179,86.3334923436521,91.12160204816807,76.8525912707814,42.4891583443146,18.58836393972585,98.38209642865806,116.7211066573543
evreg2,10.relative_year_bin_aux#1.treat,93.89751379763224,439.4768807690173,-148.7334174425065,-131.086152856406,-111.1628041367757,-92.68269220264648,-71.4196009156507,-47.13381349841501,-23.96881340032875,27.62200330680943,54.70932367069603,0,-.2384673953922321,5.643058187322032,150.9544238475832,145.3183691778973,205.8346735549202,157.1742696006357,216.8452639738739,116.0220976004796,143.0825509251652,116.7211066573543,438.1926089663759
evreg3,1bn.relative_year_bin_aux,179.0093111859408,439.4768807690173,1578.351682354667,1385.876129183818,1190.175749238882,959.5352786829458,702.7697613439856,450.9025154643713,186.8310194607839,-178.7082019441316,-390.0856149290298,0,-.1373282552897473,-50.6571507592981,-45.57559190484285,-111.8582649495149,-128.3958426142413,-102.9573556292232,-148.5971213901571,-116.5847958232924,-89.85423185569708,-22.66808941159233,-180.9620534229585
evreg3,2.relative_year_bin_aux,160.2387820772981,439.4768807690173,1385.876129183818,1221.103294937434,1050.786942696182,849.006723117605,622.9141598363749,399.8620443435105,165.3652763318082,-157.6991084119007,-345.5052388152174,0,-.1181161310364547,-44.73280871468157,-49.61564646633806,-105.2398251278088,-119.998530722973,-97.34028426287388,-134.3426948529857,-103.0768559032928,-78.72815837313487,-21.12691522797232,-158.6629141269185
evreg3,3.relative_year_bin_aux,155.2881491576338,439.4768807690173,1190.175749238882,1050.786942696182,910.2001268894871,739.6861193012178,545.6671400604637,353.286681168059,146.7966125149796,-137.4880601285001,-302.3116342242066,0,-.1172758129547884,-34.31132341392534,-41.48144471720937,-87.24116923535672,-99.68392784181377,-80.23493658765601,-110.0025102718436,-84.9510562273565,-65.00205202564464,-18.45389954318919,-133.0451387917444
evreg3,4.relative_year_bin_aux,147.8955738022738,439.4768807690173,959.5352786829458,849.006723117605,739.6861193012178,609.855706326723,455.5427171557905,297.6526874478191,125.2849334416109,-111.6485168719211,-243.2666562286024,0,-.1806968997573966,-27.97823514858266,-38.15360767799376,-73.88817378900335,-82.84398721610182,-68.74701000503659,-89.96972048154136,-67.98902449274911,-52.40059806523486,-16.37926076232646,-109.5071745065271
evreg3,5.relative_year_bin_aux,127.0940687392188,439.4768807690173,702.7697613439856,622.9141598363749,545.6671400604637,455.5427171557905,347.048566279003,230.5720304483696,99.01032989890081,-84.38268669418655,-180.9366952455274,0,-.15546753017844,-19.67713193914567,-28.42309168173969,-54.11957080371704,-59.52788337721096,-49.52697162324372,-63.89784462851079,-48.46305171783546,-38.70020513606897,-12.41952570107203,-82.10837891688409
evreg3,6.relative_year_bin_aux,98.94806356571938,439.4768807690173,450.9025154643713,399.8620443435105,353.286681168059,297.6526874478191,230.5720304483696,158.7783905603281,69.97248192761128,-56.69571780924567,-122.0845146287055,0,-.113563366184971,-10.89451388857847,-15.58105240005197,-31.85154688655466,-35.5768090078177,-29.06088331950692,-36.83044860449511,-29.77187212054171,-24.08800605797638,-9.168537397094738,-52.21032311060862
evreg3,7.relative_year_bin_aux,33.99220285652608,439.4768807690173,186.8310194607839,165.3652763318082,146.7966125149796,125.2849334416109,99.01032989890081,69.97248192761128,33.53698450741765,-27.38630591469149,-53.54055573421466,0,.0182583756026896,-8.675906982833146,-4.635962627341661,-12.89669593747568,-14.38993203363612,-11.17493642624096,-14.30300220000527,-11.57039329834112,-12.17068075774844,-2.910576586165917,-26.08555880483031
evreg3,9.relative_year_bin_aux,-5.903660218146154,439.4768807690173,-178.7082019441316,-157.6991084119007,-137.4880601285001,-111.6485168719211,-84.38268669418655,-56.69571780924567,-27.38630591469149,32.29823562265049,64.13739306512176,0,-.2147100954895606,8.624227344377854,3.761890616283098,12.39396820351669,14.84110370042374,9.345934727581531,14.55041464923037,11.22877627098757,15.06652771217635,.5656853918756369,31.09163470236383
evreg3,10.relative_year_bin_aux,-49.3502130211133,439.4768807690173,-390.0856149290298,-345.5052388152174,-302.3116342242066,-243.2666562286024,-180.9366952455274,-122.0845146287055,-53.54055573421466,64.13739306512176,144.6906576601166,0,-.3041827225937196,5.966266471820291,11.9527927236474,25.64172444472809,32.94301355951809,22.25803354220015,33.11316234861625,26.68479039045227,29.00664109084498,6.503230945363065,60.32194030775621
evreg3,1o.treat,0,439.4768807690173,0,0,0,0,0,0,0,0,0,0,0,0,0,0,0,0,0,0,0,0,0
evreg3,wind_direction,-1.292504186491076,439.4768807690173,-.1373282552897473,-.1181161310364547,-.1172758129547884,-.1806968997573966,-.15546753017844,-.113563366184971,.0182583756026896,-.2147100954895606,-.3041827225937196,0,.0104316078099214,-.1819923217763542,.1293520282436871,.0848266659701673,.0402966281133416,.1046266701401807,.0105601403606214,-.0097039610784781,-.1806799703687581,.1098860881719051,-.2843343753587003
evreg3,av_wind_speed,60.27128369611128,439.4768807690173,-50.6571507592981,-44.73280871468157,-34.31132341392534,-27.97823514858266,-19.67713193914567,-10.89451388857847,-8.675906982833146,8.624227344377854,5.966266471820291,0,-.1819923217763542,55.91202107628226,-3.108848954322811,3.829784876021047,8.83680290860463,3.830394138975847,9.746995358541206,11.69447174373233,9.483869187737735,-2.579712549052825,8.886284174122544
evreg3,1bn.relative_year_bin_aux#1.treat,28.79175376408006,439.4768807690173,-45.57559190484285,-49.61564646633806,-41.48144471720937,-38.15360767799376,-28.42309168173969,-15.58105240005197,-4.635962627341661,3.761890616283098,11.9527927236474,0,.1293520282436871,-3.108848954322811,318.204058695505,255.7893363766837,269.0836397740692,239.8269856720355,187.9041079269393,95.73148031719455,57.81244010052672,77.33480103422474,146.0682688413522
evreg3,2.relative_year_bin_aux#1.treat,35.16093537482016,439.4768807690173,-111.8582649495149,-105.2398251278088,-87.24116923535672,-73.88817378900335,-54.11957080371704,-31.85154688655466,-12.89669593747568,12.39396820351669,25.64172444472809,0,.0848266659701673,3.829784876021047,255.7893363766837,269.1893240120888,253.2004793001584,226.9870183970782,173.8816498528583,91.76106368689649,44.79723334976413,85.00795466215799,151.1704905105115
evreg3,3.relative_year_bin_aux#1.treat,38.45302774629678,439.4768807690173,-128.3958426142413,-119.998530722973,-99.68392784181377,-82.84398721610182,-59.52788337721096,-35.5768090078177,-14.38993203363612,14.84110370042374,32.94301355951809,0,.0402966281133416,8.83680290860463,269.0836397740692,253.2004793001584,293.8922774779845,232.1279099014323,212.6211532150214,124.2865430077326,88.37686295520167,87.8992773428139,210.3067045090903
evreg3,4.relative_year_bin_aux#1.treat,32.77029061611933,439.4768807690173,-102.9573556292232,-97.34028426287388,-80.23493658765601,-68.74701000503659,-49.52697162324372,-29.06088331950692,-11.17493642624096,9.345934727581531,22.25803354220015,0,.1046266701401807,3.830394138975847,239.8269856720355,226.9870183970782,232.1279099014323,241.7784417926134,179.220074883426,95.12295105526078,54.85603325141525,91.65308216666848,160.1099259526842
evreg3,5.relative_year_bin_aux#1.treat,50.14979686392589,439.4768807690173,-148.5971213901571,-134.3426948529857,-110.0025102718436,-89.96972048154136,-63.89784462851079,-36.83044860449511,-14.30300220000527,14.55041464923037,33.11316234861625,0,.0105601403606214,9.746995358541206,187.9041079269393,173.8816498528583,212.6211532150214,179.220074883426,224.4192293365216,126.674380218404,105.0058672841204,78.53355165197128,221.8800882486742
evreg3,6.relative_year_bin_aux#1.treat,16.95885218568651,439.4768807690173,-116.5847958232924,-103.0768559032928,-84.9510562273565,-67.98902449274911,-48.46305171783546,-29.77187212054171,-11.57039329834112,11.22877627098757,26.68479039045227,0,-.0097039610784781,11.69447174373233,95.73148031719455,91.76106368689649,124.2865430077326,95.12295105526078,126.674380218404,121.773256028172,81.5535543348517,43.54759884352949,119.3711044764912
evreg3,7.relative_year_bin_aux#1.treat,33.21071749496796,439.4768807690173,-89.85423185569708,-78.72815837313487,-65.00205202564464,-52.40059806523486,-38.70020513606897,-24.08800605797638,-12.17068075774844,15.06652771217635,29.00664109084498,0,-.1806799703687581,9.483869187737735,57.81244010052672,44.79723334976413,88.37686295520167,54.85603325141525,105.0058672841204,81.5535543348517,118.8422468920304,20.65374271264104,147.4619989446115
evreg3,9.relative_year_bin_aux#1.treat,40.38322537245503,439.4768807690173,-22.66808941159233,-21.12691522797232,-18.45389954318919,-16.37926076232646,-12.41952570107203,-9.168537397094738,-2.910576586165917,.5656853918756369,6.503230945363065,0,.1098860881719051,-2.579712549052825,77.33480103422474,85.00795466215799,87.8992773428139,91.65308216666848,78.53355165197128,43.54759884352949,20.65374271264104,95.87229909791921,115.7687972207435
evreg3,10.relative_year_bin_aux#1.treat,92.95848808413636,439.4768807690173,-180.9620534229585,-158.6629141269185,-133.0451387917444,-109.5071745065271,-82.10837891688409,-52.21032311060862,-26.08555880483031,31.09163470236383,60.32194030775621,0,-.2843343753587003,8.886284174122544,146.0682688413522,151.1704905105115,210.3067045090903,160.1099259526842,221.8800882486742,119.3711044764912,147.4619989446115,115.7687972207435,450.9459202111253
evreg4,1bno.relative_year_bin_aux,0,439.4768807690173,0,0,0,0,0,0,0,0,0,0,0,0,0,0,0,0,0,0,0,0,0
evreg4,2o.relative_year_bin_aux,0,439.4768807690173,0,0,0,0,0,0,0,0,0,0,0,0,0,0,0,0,0,0,0,0,0
evreg4,3o.relative_year_bin_aux,0,439.4768807690173,0,0,0,0,0,0,0,0,0,0,0,0,0,0,0,0,0,0,0,0,0
evreg4,4o.relative_year_bin_aux,0,439.4768807690173,0,0,0,0,0,0,0,0,0,0,0,0,0,0,0,0,0,0,0,0,0
evreg4,5o.relative_year_bin_aux,0,439.4768807690173,0,0,0,0,0,0,0,0,0,0,0,0,0,0,0,0,0,0,0,0,0
evreg4,6o.relative_year_bin_aux,0,439.4768807690173,0,0,0,0,0,0,0,0,0,0,0,0,0,0,0,0,0,0,0,0,0
evreg4,7o.relative_year_bin_aux,0,439.4768807690173,0,0,0,0,0,0,0,0,0,0,0,0,0,0,0,0,0,0,0,0,0
evreg4,9o.relative_year_bin_aux,0,439.4768807690173,0,0,0,0,0,0,0,0,0,0,0,0,0,0,0,0,0,0,0,0,0
evreg4,10o.relative_year_bin_aux,0,439.4768807690173,0,0,0,0,0,0,0,0,0,0,0,0,0,0,0,0,0,0,0,0,0
evreg4,1o.treat,0,439.4768807690173,0,0,0,0,0,0,0,0,0,0,0,0,0,0,0,0,0,0,0,0,0
evreg4,wind_direction,-.7002617755276852,439.4768807690173,0,0,0,0,0,0,0,0,0,0,.0086113012824452,-1.144944850585896,-.0360594840240884,.0912810305475772,.0314048773064288,.0425215705625104,-.028926771460658,-.0568916838138474,-.0622751889076614,.0144031860633079,-.2481884920254679
evreg4,av_wind_speed,158.8318193588273,439.4768807690173,0,0,0,0,0,0,0,0,0,0,-1.144944850585896,407.9178121011166,-3.658541176917918,-25.19472034328739,-22.9516514717974,-26.00029851060268,2.329118618872144,10.87224370804793,16.33438938000441,-1.585942362875341,89.60008135487517
evreg4,1bn.relative_year_bin_aux#1.treat,57.83763595864845,439.4768807690173,0,0,0,0,0,0,0,0,0,0,-.0360594840240884,-3.658541176917918,320.3009879328632,251.612664960042,276.8052585268942,233.2492134426493,207.6887440333038,113.9373343946382,70.06015858233005,81.70650996746716,199.887289787275
evreg4,2.relative_year_bin_aux#1.treat,26.63664146451561,439.4768807690173,0,0,0,0,0,0,0,0,0,0,.0912810305475772,-25.19472034328739,251.612664960042,245.8603943667396,234.346191950311,211.0353406765468,157.7699901874353,80.32487058888337,33.48436069508003,65.01064749691622,113.0362431684098
evreg4,3.relative_year_bin_aux#1.treat,5.498629091172617,439.4768807690173,0,0,0,0,0,0,0,0,0,0,.0314048773064288,-22.9516514717974,276.8052585268942,234.346191950311,292.0393802453668,221.7922164525199,185.5288318166056,100.2062189566368,68.53343150990079,73.6886724013705,157.5612413350499
evreg4,4.relative_year_bin_aux#1.treat,28.28886566139459,439.4768807690173,0,0,0,0,0,0,0,0,0,0,.0425215705625104,-26.00029851060268,233.2492134426493,211.0353406765468,221.7922164525199,229.6401384981452,150.6168386820069,70.97290058648278,32.92238288042176,75.33531712589958,109.8198148774582
evreg4,5.relative_year_bin_aux#1.treat,53.38122559442139,439.4768807690173,0,0,0,0,0,0,0,0,0,0,-.028926771460658,2.329118618872144,207.6887440333038,157.7699901874353,185.5288318166056,150.6168386820069,200.0680547904164,106.0523624423684,78.24911208245886,73.80025664900268,200.7076743070396
evreg4,6.relative_year_bin_aux#1.treat,2.7250328250122,439.4768807690173,0,0,0,0,0,0,0,0,0,0,-.0568916838138474,10.87224370804793,113.9373343946382,80.32487058888337,100.2062189566368,70.97290058648278,106.0523624423684,94.62892573541737,58.92724481416762,36.38387116335294,103.5092982573105
evreg4,7.relative_year_bin_aux#1.treat,-10.17998798008512,439.4768807690173,0,0,0,0,0,0,0,0,0,0,-.0622751889076614,16.33438938000441,70.06015858233005,33.48436069508003,68.53343150990079,32.92238288042176,78.24911208245886,58.92724481416762,86.19364807617737,23.66558946827038,109.3311106428537
evreg4,9.relative_year_bin_aux#1.treat,56.79715990857386,439.4768807690173,0,0,0,0,0,0,0,0,0,0,.0144031860633079,-1.585942362875341,81.70650996746716,65.01064749691622,73.6886724013705,75.33531712589958,73.80025664900268,36.38387116335294,23.66558946827038,97.42064085929812,129.9730083307108
evreg4,10.relative_year_bin_aux#1.treat,103.5818500814961,439.4768807690173,0,0,0,0,0,0,0,0,0,0,-.2481884920254679,89.60008135487517,199.887289787275,113.0362431684098,157.5612413350499,109.8198148774582,200.7076743070396,103.5092982573105,109.3311106428537,129.9730083307108,446.847660692316
evreg5,1bno.relative_year_bin_aux,0,439.4768807690173,0,0,0,0,0,0,0,0,0,0,0,0,0,0,0,0,0,0,0,0,0
evreg5,2o.relative_year_bin_aux,0,439.4768807690173,0,0,0,0,0,0,0,0,0,0,0,0,0,0,0,0,0,0,0,0,0
evreg5,3o.relative_year_bin_aux,0,439.4768807690173,0,0,0,0,0,0,0,0,0,0,0,0,0,0,0,0,0,0,0,0,0
evreg5,4o.relative_year_bin_aux,0,439.4768807690173,0,0,0,0,0,0,0,0,0,0,0,0,0,0,0,0,0,0,0,0,0
evreg5,5o.relative_year_bin_aux,0,439.4768807690173,0,0,0,0,0,0,0,0,0,0,0,0,0,0,0,0,0,0,0,0,0
evreg5,6o.relative_year_bin_aux,0,439.4768807690173,0,0,0,0,0,0,0,0,0,0,0,0,0,0,0,0,0,0,0,0,0
evreg5,7o.relative_year_bin_aux,0,439.4768807690173,0,0,0,0,0,0,0,0,0,0,0,0,0,0,0,0,0,0,0,0,0
evreg5,9o.relative_year_bin_aux,0,439.4768807690173,0,0,0,0,0,0,0,0,0,0,0,0,0,0,0,0,0,0,0,0,0
evreg5,10o.relative_year_bin_aux,0,439.4768807690173,0,0,0,0,0,0,0,0,0,0,0,0,0,0,0,0,0,0,0,0,0
evreg5,1o.treat,0,439.4768807690173,0,0,0,0,0,0,0,0,0,0,0,0,0,0,0,0,0,0,0,0,0
evreg5,wind_direction,-.8016322371721932,439.4768807690173,0,0,0,0,0,0,0,0,0,0,.010263129664547,-1.219225026679409,-.0017396478495638,.0459007783332811,-.0273360929407502,-.0116633487835182,-.1040292977647915,-.1401762502723795,-.1994178384667889,.0377947508019764,-.236161243843104
evreg5,av_wind_speed,149.1545412053307,439.4768807690173,0,0,0,0,0,0,0,0,0,0,-1.219225026679409,362.1404827816335,-25.47929994274468,-11.12987531986164,-2.073988549592701,-19.83901582093292,1.695044993579241,20.03165229932669,40.49271321318988,-14.45052190451203,66.14233751279457
evreg5,1bn.relative_year_bin_aux#1.treat,29.85869697712548,439.4768807690173,0,0,0,0,0,0,0,0,0,0,-.0017396478495638,-25.47929994274468,316.74922735797,259.3627545676371,269.3411457139954,238.5210886520177,187.3209066235299,94.98901643932808,54.75935755286478,72.85698591990715,146.1406194229556
evreg5,2.relative_year_bin_aux#1.treat,36.81330231071119,439.4768807690173,0,0,0,0,0,0,0,0,0,0,.0459007783332811,-11.12987531986164,259.3627545676371,267.786395404229,248.5726194877687,223.9975294143515,168.9462496896573,87.47844853156499,39.50868021980504,81.45447818050577,137.5973861103295
evreg5,3.relative_year_bin_aux#1.treat,40.689884968327,439.4768807690173,0,0,0,0,0,0,0,0,0,0,-.0273360929407502,-2.073988549592701,269.3411457139954,248.5726194877687,284.247347815374,225.2733267140668,202.5052606245919,116.2645083423001,77.90269640525682,81.99797392959127,189.1812365523411
evreg5,4.relative_year_bin_aux#1.treat,33.29077925365272,439.4768807690173,0,0,0,0,0,0,0,0,0,0,-.0116633487835182,-19.83901582093292,238.5210886520177,223.9975294143515,225.2733267140668,236.4894994108133,172.0328199292624,90.11986602763642,48.18836773000474,88.31019503428728,145.4608367138188
evreg5,5.relative_year_bin_aux#1.treat,51.43508849476136,439.4768807690173,0,0,0,0,0,0,0,0,0,0,-.1040292977647915,1.695044993579241,187.3209066235299,168.9462496896573,202.5052606245919,172.0328199292624,213.8607978236961,118.9045181202239,94.62399153690757,71.71785440688791,198.5661907489803
evreg5,6.relative_year_bin_aux#1.treat,19.52120346872771,439.4768807690173,0,0,0,0,0,0,0,0,0,0,-.1401762502723795,20.03165229932669,94.98901643932808,87.47844853156499,116.2645083423001,90.11986602763642,118.9045181202239,115.9413371813993,74.84675099395358,39.42480446849022,104.9829122327208
evreg5,7.relative_year_bin_aux#1.treat,31.34921932147985,439.4768807690173,0,0,0,0,0,0,0,0,0,0,-.1994178384667889,40.49271321318988,54.75935755286478,39.50868021980504,77.90269640525682,48.18836773000474,94.62399153690757,74.84675099395358,106.6709771622421,16.74762243918251,126.1532168419349
evreg5,9.relative_year_bin_aux#1.treat,39.39046957477895,439.4768807690173,0,0,0,0,0,0,0,0,0,0,.0377947508019764,-14.45052190451203,72.85698591990715,81.45447818050577,81.99797392959127,88.31019503428728,71.71785440688791,39.42480446849022,16.74762243918251,95.87646669690041,107.3575708003258
evreg5,10.relative_year_bin_aux#1.treat,94.68678587376293,439.4768807690173,0,0,0,0,0,0,0,0,0,0,-.236161243843104,66.14233751279457,146.1406194229556,137.5973861103295,189.1812365523411,145.4608367138188,198.5661907489803,104.9829122327208,126.1532168419349,107.3575708003258,401.333819433812
evreg6,1bno.relative_year_bin_aux,0,439.4768807690173,0,0,0,0,0,0,0,0,0,0,0,0,0,0,0,0,0,0,0,0,0
evreg6,2o.relative_year_bin_aux,0,439.4768807690173,0,0,0,0,0,0,0,0,0,0,0,0,0,0,0,0,0,0,0,0,0
evreg6,3o.relative_year_bin_aux,0,439.4768807690173,0,0,0,0,0,0,0,0,0,0,0,0,0,0,0,0,0,0,0,0,0
evreg6,4o.relative_year_bin_aux,0,439.4768807690173,0,0,0,0,0,0,0,0,0,0,0,0,0,0,0,0,0,0,0,0,0
evreg6,5o.relative_year_bin_aux,0,439.4768807690173,0,0,0,0,0,0,0,0,0,0,0,0,0,0,0,0,0,0,0,0,0
evreg6,6o.relative_year_bin_aux,0,439.4768807690173,0,0,0,0,0,0,0,0,0,0,0,0,0,0,0,0,0,0,0,0,0
evreg6,7o.relative_year_bin_aux,0,439.4768807690173,0,0,0,0,0,0,0,0,0,0,0,0,0,0,0,0,0,0,0,0,0
evreg6,9o.relative_year_bin_aux,0,439.4768807690173,0,0,0,0,0,0,0,0,0,0,0,0,0,0,0,0,0,0,0,0,0
evreg6,10o.relative_year_bin_aux,0,439.4768807690173,0,0,0,0,0,0,0,0,0,0,0,0,0,0,0,0,0,0,0,0,0
evreg6,1o.treat,0,439.4768807690173,0,0,0,0,0,0,0,0,0,0,0,0,0,0,0,0,0,0,0,0,0
evreg6,wind_direction,-.7166764752133706,439.4768807690173,0,0,0,0,0,0,0,0,0,0,.0089400515114775,-1.158280707951417,.0654239120018393,.0377852553891716,-.0267867038963452,-.0098893973420461,-.0955485934421375,-.1326989824150659,-.1996483708066032,.0144883048488654,-.3255416004601503
evreg6,av_wind_speed,156.2882032550632,439.4768807690173,0,0,0,0,0,0,0,0,0,0,-1.158280707951417,399.3187123650013,-50.08544743970558,-14.69393066485198,-5.803872513220202,-23.61088479626367,-2.710274659475891,17.40754816630446,40.87192579636064,-8.188875347266949,91.02042348957984
evreg6,1bn.relative_year_bin_aux#1.treat,24.29699897759957,439.4768807690173,0,0,0,0,0,0,0,0,0,0,.0654239120018393,-50.08544743970558,313.9671070482892,253.7633859536963,263.6773589236129,235.0064924570632,181.1201114948075,90.75602869056485,48.06620467088054,75.49251084784072,133.9971952225519
evreg6,2.relative_year_bin_aux#1.treat,37.19175355330332,439.4768807690173,0,0,0,0,0,0,0,0,0,0,.0377852553891716,-14.69393066485198,253.7633859536963,268.5142948539306,249.3039252097262,224.7361765290364,170.01458015225,88.35625565849637,40.45542006525207,83.50807103761704,146.2395926738415
evreg6,3.relative_year_bin_aux#1.treat,40.84228287125863,439.4768807690173,0,0,0,0,0,0,0,0,0,0,-.0267867038963452,-5.803872513220202,263.6773589236129,249.3039252097262,284.8551166392688,225.8753810994795,203.4855577599477,117.0472614718827,78.84269885543954,83.90292940363391,197.6044180787615
evreg6,4.relative_year_bin_aux#1.treat,33.32165068767108,439.4768807690173,0,0,0,0,0,0,0,0,0,0,-.0098893973420461,-23.61088479626367,235.0064924570632,224.7361765290364,225.8753810994795,236.9979532243913,172.9087328338089,90.9240469000367,49.15987915118855,89.55443127288177,151.5225553108779
evreg6,5.relative_year_bin_aux#1.treat,51.54047253391214,439.4768807690173,0,0,0,0,0,0,0,0,0,0,-.0955485934421375,-2.710274659475891,181.1201114948075,170.01458015225,203.4855577599477,172.9087328338089,215.1544283862286,119.9936208749804,95.91393294698241,73.86896872319166,208.5345926144096
evreg6,6.relative_year_bin_aux#1.treat,19.67696223672154,439.4768807690173,0,0,0,0,0,0,0,0,0,0,-.1326989824150659,17.40754816630446,90.75602869056485,88.35625565849637,117.0472614718827,90.9240469000367,119.9936208749804,116.8195154853996,75.69685236246083,40.99598218802459,111.9353335976822
evreg6,7.relative_year_bin_aux#1.treat,31.39621230686505,439.4768807690173,0,0,0,0,0,0,0,0,0,0,-.1996483708066032,40.87192579636064,48.06620467088054,40.45542006525207,78.84269885543954,49.15987915118855,95.91393294698241,75.69685236246083,107.4945204523717,19.07035776260776,135.948374652879
evreg6,9.relative_year_bin_aux#1.treat,41.54329180700186,439.4768807690173,0,0,0,0,0,0,0,0,0,0,.0144883048488654,-8.188875347266949,75.49251084784072,83.50807103761704,83.90292940363391,89.55443127288177,73.86896872319166,40.99598218802459,19.07035776260776,94.48378429667753,109.7951856057591
evreg6,10.relative_year_bin_aux#1.treat,100.3912082219655,439.4768807690173,0,0,0,0,0,0,0,0,0,0,-.3255416004601503,91.02042348957984,133.9971952225519,146.2395926738415,197.6044180787615,151.5225553108779,208.5345926144096,111.9353335976822,135.948374652879,109.7951856057591,438.0388821616544
evreg7,1bn.relative_year_bin_aux,-205.3059459673215,439.4768807690173,665.3438117728648,571.9554358112294,479.4704109036149,370.4020669164585,272.32999778021,178.8745036982662,101.3492052418571,-140.1651866642721,-249.8219752322771,0,2.381914297401233,-44.04933401969884,-4.116373373730101,-22.40789653298241,-38.6104675203821,-13.79089602681922,-53.73915833915802,-36.69507940725506,-75.50796498527123,7.425125526827504,-148.7940232052993
evreg7,2.relative_year_bin_aux,-168.8070948726952,439.4768807690173,571.9554358112294,496.6723766879181,419.3644035453036,326.3182353551657,240.7867774656084,157.9976538169595,87.77255700313853,-120.2541763554538,-217.0814370816802,0,2.043840114333158,-39.78126364289935,-13.84306891124375,-28.43965354377146,-42.90921824276705,-20.77076659454774,-52.85907828941077,-34.50219786106172,-66.38958928049203,4.633631858030506,-131.1381562977539
evreg7,3.relative_year_bin_aux,-118.7915851390336,439.4768807690173,479.4704109036149,419.3644035453036,361.0104672916978,285.6987492529338,213.411051100509,142.5546987316441,77.55834507940934,-101.6815787185406,-186.5975752276958,0,1.674347383368453,-30.91681764031021,-10.65870454313132,-23.24193313795636,-35.42854779921187,-16.37002676217663,-42.03317521246842,-27.79143561178828,-54.73213430099997,2.748944667066074,-111.2032495138444
evreg7,4.relative_year_bin_aux,-71.78747315214586,439.4768807690173,370.4020669164585,326.3182353551657,285.6987492529338,234.8159232384912,180.673533761098,122.8951449853889,66.75785261638045,-79.95816117357784,-144.8623556733686,0,1.238302556888517,-25.61123483126377,-13.31475368255136,-23.033794948537,-31.78480787435851,-17.98175715077099,-35.98333961041715,-22.52686838505609,-44.30140208852546,.4075894216847327,-92.71700213361787
evreg7,5.relative_year_bin_aux,-38.10881056293707,439.4768807690173,272.32999778021,240.7867774656084,213.411051100509,180.673533761098,145.5192630664649,102.4582090290476,56.53298585341439,-62.12361693651703,-110.0154640066426,0,.8871137314329955,-18.23250068522782,-8.582641141800202,-16.34938486595147,-21.59238485127894,-11.77150370571889,-23.816927684282,-14.6555571723266,-32.7640614479006,-.2863294654738373,-71.44629102405032
evreg7,6.relative_year_bin_aux,-11.38069799192614,439.4768807690173,178.8745036982662,157.9976538169595,142.5546987316441,122.8951449853889,102.4582090290476,77.47038907671377,43.66494017840562,-43.92043425038661,-78.76005500238666,0,.5566473569275214,-10.38073996412749,-.8413440789492764,-6.8942784898588,-10.47537817790253,-4.030402728182006,-10.30961660355616,-7.391282092804115,-20.19613228033253,-1.56520557647398,-47.15251447890092
evreg7,7.relative_year_bin_aux,-21.25125922626882,439.4768807690173,101.3492052418571,87.77255700313853,77.55834507940934,66.75785261638045,56.53298585341439,43.66494017840562,27.53563935585769,-28.17305235734177,-45.46870092940885,0,.3408047662771742,-7.92865739812995,3.002338915511866,-.4893044113254175,-1.883498798754221,1.306812476300852,-1.097576906047683,-.4233125924998715,-10.2382967211771,.8249579509349476,-23.98353623120316
evreg7,9.relative_year_bin_aux,49.17021940792541,439.4768807690173,-140.1651866642721,-120.2541763554538,-101.6815787185406,-79.95816117357784,-62.12361693651703,-43.92043425038661,-28.17305235734177,39.85600700838086,69.21174101573767,0,-.552528384875756,7.172937536497588,-2.937290001608672,-.2187441628742585,2.133581659031542,-3.324922090227085,1.106391977460446,-.0890112901889688,13.08708776205049,-3.567560985068552,27.63322706456332
evreg7,10.relative_year_bin_aux,55.22986639500176,439.4768807690173,-249.8219752322771,-217.0814370816802,-186.5975752276958,-144.8623556733686,-110.0154640066426,-78.76005500238666,-45.46870092940885,69.21174101573767,137.4975568243338,0,-.9504158015194422,3.745457864415487,-1.653908877422519,1.689760238754291,8.781984082130792,-1.720088451852531,7.431284327848371,5.014518282550594,25.07089724787834,-.8734385536984032,54.71842054955502
evreg7,1o.treat,0,439.4768807690173,0,0,0,0,0,0,0,0,0,0,0,0,0,0,0,0,0,0,0,0,0
evreg7,wind_direction,-1.401816655037697,439.4768807690173,2.381914297401233,2.043840114333158,1.674347383368453,1.238302556888517,.8871137314329955,.5566473569275214,.3408047662771742,-.552528384875756,-.9504158015194422,0,.0125722280914715,-.1671363588290688,.0141755984296855,.0319834618646351,-.0262869457885513,.0325523032599724,-.0715700834258071,-.0592085572766546,-.201059117196329,.1206933774284319,-.238513040882729
evreg7,av_wind_speed,55.69602657557536,439.4768807690173,-44.04933401969884,-39.78126364289935,-30.91681764031021,-25.61123483126377,-18.23250068522782,-10.38073996412749,-7.92865739812995,7.172937536497588,3.745457864415487,0,-.1671363588290688,55.91495490090514,.019545134039414,4.616415538044759,9.71075352973274,4.290483166977314,10.70671987295267,12.88215146624066,10.00566732670464,-3.462749527458125,5.645596002408913
evreg7,1bn.relative_year_bin_aux#1.treat,28.17069747119142,439.4768807690173,-4.116373373730101,-13.84306891124375,-10.65870454313132,-13.31475368255136,-8.582641141800202,-.8413440789492764,3.002338915511866,-2.937290001608672,-1.653908877422519,0,.0141755984296855,.019545134039414,321.9445756936676,260.2005356551152,273.6786849374867,242.7105571858729,192.4469656789725,98.82351407735851,62.3290660409726,73.32870308386407,150.9453400223551
