reg,var,beta,ymean,cov1,cov2,cov3,cov4,cov5,cov6,cov7,cov8,cov9,cov10,cov11,cov12,cov13,cov14,cov15,cov16,cov17,cov18,cov19,cov20,cov21
evreg1,1bn.relative_year_bin_aux,179.0093112545324,439.4768807690173,1578.350013055481,1385.874729611579,1190.174535301641,959.5343823336557,702.7691358811461,450.9020397939771,186.8307465024796,-178.7078254498904,-390.0850066911136,0,-.1373282143936668,-50.65718324503074,-45.58013519913707,-111.8623511924573,-128.3986207608074,-102.9594122475581,-148.5992204745043,-116.5876625674246,-89.85680960902697,-22.66942093339559,-180.9639526482804
evreg1,2.relative_year_bin_aux,160.2387821419964,439.4768807690173,1385.874729611579,1221.102123138724,1050.785920257714,849.0059670914516,622.9136267421624,399.8616338973463,165.3650345305711,-157.6987741707728,-345.5047092840704,0,-.1181162277695935,-44.7328518250811,-49.61965490839405,-105.2434206168189,-120.0009501021199,-97.34210764267782,-134.3445785650414,-103.0794058725125,-78.73042870620952,-21.12809103915373,-158.6646146360083
evreg1,3.relative_year_bin_aux,155.2881492124683,439.4768807690173,1190.174535301641,1050.785920257714,910.1992192848746,739.6854323561975,545.666641791417,353.2863017582881,146.7963894799765,-137.4877672779617,-302.311179242723,0,-.1172758040670012,-34.31139355148491,-41.48469309857197,-87.2441298907133,-99.68596349446213,-80.2364098259571,-110.0040592994771,-84.95319561059311,-65.00393604963951,-18.45486550302464,-133.0465251244957
evreg1,4.relative_year_bin_aux,147.8955738452286,439.4768807690173,959.5343823336557,849.0059670914516,739.6854323561975,609.8551668489349,455.5423091550481,297.6523738401398,125.2847434553164,-111.6482889291328,-243.2663211697162,0,-.1806966885608791,-27.97831671173707,-38.15602604431759,-73.89040718355152,-82.84548321592776,-68.74804476492385,-89.97080563646271,-67.99064242845976,-52.40202655512282,-16.37992956682039,-109.5081203940724
evreg1,5.relative_year_bin_aux,127.0940687697782,439.4768807690173,702.7691358811461,622.9136267421624,545.666641791417,455.5423091550481,347.0482440351277,230.5717804535395,99.01017903998368,-84.38253157918379,-180.9364766092317,0,-.1554672723654165,-19.67720270442715,-28.42469098015874,-54.12108130896392,-59.52889864919749,-49.52763277147368,-63.89854367295002,-48.46418278717733,-38.70118963912218,-12.41996154159865,-82.10895690105416
evreg1,6.relative_year_bin_aux,98.94806358702819,439.4768807690173,450.9020397939771,399.8616338973463,353.2863017582881,297.6523738401398,230.5717804535395,158.7781987395911,69.97237076108092,-56.6956044488229,-122.0843442309036,0,-.1135631612136725,-10.89455308267265,-15.58194649185216,-31.85243911285128,-35.57742503043315,-29.06122145063557,-36.83080527005605,-29.77253588182142,-24.08858289880532,-9.168774005715029,-52.21061664006211
evreg1,7.relative_year_bin_aux,33.99220287004109,439.4768807690173,186.8307465024796,165.3650345305711,146.7963894799765,125.2847434553164,99.01017903998368,69.97237076108092,33.53692147924406,-27.38624880870778,-53.54046713745064,0,.0182582882573142,-8.675904900868415,-4.636112628278313,-12.89687221744315,-14.39004903148949,-11.17492258935127,-14.30301655957393,-11.57052107726029,-12.17078165135708,-2.910583159332545,-26.08553570952373
evreg1,9.relative_year_bin_aux,-5.903660222173876,439.4768807690173,-178.7078254498904,-157.6987741707728,-137.4877672779617,-111.6482889291328,-84.38253157918379,-56.6956044488229,-27.38624880870778,32.29818447923969,64.13728993522352,0,-.214709727112397,8.62419658567269,3.762216309095806,12.39424408863535,14.84134314462817,9.346092141739458,14.5506896023197,11.22905713473954,15.06671899132574,.5658663698356844,31.09186039168301
evreg1,10.relative_year_bin_aux,-49.35021302595059,439.4768807690173,-390.0850066911136,-345.5047092840704,-302.311179242723,-243.2663211697162,-180.9364766092317,-122.0843442309036,-53.54046713745064,64.13728993522352,144.6904546819791,0,-.3041823373248398,5.966238214715204,11.95412277037394,25.64290434754708,32.94397810228662,22.25882150961306,33.11416618321938,26.685868473738,29.00747890229281,6.503921683557084,60.32288430813831
evreg1,1o.treat,0,439.4768807690173,0,0,0,0,0,0,0,0,0,0,0,0,0,0,0,0,0,0,0,0,0
evreg1,wind_direction,-1.29250418649053,439.4768807690173,-.1373282143936668,-.1181162277695935,-.1172758040670012,-.1806966885608791,-.1554672723654165,-.1135631612136725,.0182582882573142,-.214709727112397,-.3041823373248398,0,.0104315931510097,-.1819919053018905,.1293564203807253,.0848315831051398,.0402984794190548,.1046275137410586,.0105568484456476,-.0097028852858844,-.1806762427374441,.1098849228980987,-.2843383972444068
evreg1,av_wind_speed,60.27128369462091,439.4768807690173,-50.65718324503074,-44.7328518250811,-34.31139355148491,-27.97831671173707,-19.67720270442715,-10.89455308267265,-8.675904900868415,8.62419658567269,5.966238214715204,0,-.1819919053018905,55.91194246348805,-3.108808681041901,3.82971071617848,8.836503651562431,3.830193433336639,9.746829430708846,11.69427876906611,9.48368380332089,-2.579918143765908,8.886266091929686
evreg1,1bn.relative_year_bin_aux#1.treat,28.79175383491246,439.4768807690173,-45.58013519913707,-49.61965490839405,-41.48469309857197,-38.15602604431759,-28.42469098015874,-15.58194649185216,-4.636112628278313,3.762216309095806,11.95412277037394,0,.1293564203807253,-3.108808681041901,318.2028394621418,255.7886265726012,269.0828719692607,239.8262638552541,187.9040970068602,95.73165663318558,57.81258854907527,77.33425074886593,146.0680146087722
evreg1,2.relative_year_bin_aux#1.treat,35.16093544117051,439.4768807690173,-111.8623511924573,-105.2434206168189,-87.2441298907133,-73.89040718355152,-54.12108130896392,-31.85243911285128,-12.89687221744315,12.39424408863535,25.64290434754708,0,.0848315831051398,3.82971071617848,255.7886265726012,269.1889660843444,253.2000733851752,226.9865124310826,173.8817888910509,91.76140528859101,44.79761340923356,85.00753990737263,151.1706347933211
evreg1,3.relative_year_bin_aux#1.treat,38.45302778007676,439.4768807690173,-128.3986207608074,-120.0009501021199,-99.68596349446213,-82.84548321592776,-59.52889864919749,-35.57742503043315,-14.39004903148949,14.84134314462817,32.94397810228662,0,.0402984794190548,8.836503651562431,269.0828719692607,253.2000733851752,293.8915303630507,232.1271375370976,212.6208317432419,124.2864438784593,88.37705535540942,87.89887775789182,210.3065490548167
evreg1,4.relative_year_bin_aux#1.treat,32.7702906654081,439.4768807690173,-102.9594122475581,-97.34210764267782,-80.2364098259571,-68.74804476492385,-49.52763277147368,-29.06122145063557,-11.17492258935127,9.346092141739458,22.25882150961306,0,.1046275137410586,3.830193433336639,239.8262638552541,226.9865124310826,232.1271375370976,241.7775496682405,179.2196255140426,95.12279224110964,54.85612165915308,91.65255548635695,160.1095312539354
evreg1,5.relative_year_bin_aux#1.treat,50.14979690413266,439.4768807690173,-148.5992204745043,-134.3445785650414,-110.0040592994771,-89.97080563646271,-63.89854367295002,-36.83080527005605,-14.30301655957393,14.5506896023197,33.11416618321938,0,.0105568484456476,9.746829430708846,187.9040970068602,173.8817888910509,212.6208317432419,179.2196255140426,224.418786281348,126.6743774866035,105.0061362735542,78.53317141707554,221.8795742235508
evreg1,6.relative_year_bin_aux#1.treat,16.95885227439949,439.4768807690173,-116.5876625674246,-103.0794058725125,-84.95319561059311,-67.99064242845976,-48.46418278717733,-29.77253588182142,-11.57052107726029,11.22905713473954,26.685868473738,0,-.0097028852858844,11.69427876906611,95.73165663318558,91.76140528859101,124.2864438784593,95.12279224110964,126.6743774866035,121.7736126794644,81.55403923256333,43.54754646292238,119.3711795541062
evreg1,7.relative_year_bin_aux#1.treat,33.21071755355568,439.4768807690173,-89.85680960902697,-78.73042870620952,-65.00393604963951,-52.40202655512282,-38.70118963912218,-24.08858289880532,-12.17078165135708,15.06671899132574,29.00747890229281,0,-.1806762427374441,9.48368380332089,57.81258854907527,44.79761340923356,88.37705535540942,54.85612165915308,105.0061362735542,81.55403923256333,118.8426953534765,20.65379213318123,147.4620536224496
evreg1,9.relative_year_bin_aux#1.treat,40.38322542424079,439.4768807690173,-22.66942093339559,-21.12809103915373,-18.45486550302464,-16.37992956682039,-12.41996154159865,-9.168774005715029,-2.910583159332545,.5658663698356844,6.503921683557084,0,.1098849228980987,-2.579918143765908,77.33425074886593,85.00753990737263,87.89887775789182,91.65255548635695,78.53317141707554,43.54754646292238,20.65379213318123,95.87195472780584,115.7683468911724
evreg1,10.relative_year_bin_aux#1.treat,92.95848815381527,439.4768807690173,-180.9639526482804,-158.6646146360083,-133.0465251244957,-109.5081203940724,-82.10895690105416,-52.21061664006211,-26.08553570952373,31.09186039168301,60.32288430813831,0,-.2843383972444068,8.886266091929686,146.0680146087722,151.1706347933211,210.3065490548167,160.1095312539354,221.8795742235508,119.3711795541062,147.4620536224496,115.7683468911724,450.9446229225236
evreg2,1bn.relative_year_bin_aux,179.0093112641531,439.4768807690173,1578.352400077372,1385.876831751754,1190.176334078397,959.5358356387957,702.7701957427823,450.9027202934876,186.8310329284552,-178.7080448642627,-390.0854590186935,0,-.1373284863587257,-50.65725963595884,-45.57980246575388,-111.8620894114706,-128.3979812979326,-102.959132995994,-148.5990092172063,-116.5874329586514,-89.85651457027414,-22.66901694783196,-180.9638051465567
evreg2,2.relative_year_bin_aux,160.2387821487137,439.4768807690173,1385.876831751754,1221.103981307643,1050.787513826419,849.0072575088275,622.9145694529577,399.8622393314726,165.3652889191925,-157.6989688256205,-345.5051123509222,0,-.1181164646875852,-44.73292002394449,-49.61937711955046,-105.24320370809,-120.0004072445263,-97.3418760668561,-134.3443992568791,-103.0792037104074,-78.73017020658821,-21.12773982299372,-158.6644854633579
evreg2,3.relative_year_bin_aux,155.2881492175194,439.4768807690173,1190.176334078397,1050.787513826419,910.2005950591,739.6865531527325,545.6674648934229,353.2868347790054,146.7966142620643,-137.4879350177918,-302.3115279527512,0,-.1172760426098379,-34.31144753351971,-41.48445829757161,-87.24394089894872,-99.68549264280344,-80.23620679389285,-110.0038990284418,-84.95302022807024,-65.00371054311661,-18.45456490345039,-133.0464109803517
evreg2,4.relative_year_bin_aux,147.8955738495166,439.4768807690173,959.5358356387957,849.0072575088275,739.6865531527325,609.8560927619011,455.5429970376702,297.6528232474947,125.2849351916802,-111.6484233631663,-243.2665966436656,0,-.1806970065268674,-27.97836076977968,-38.15584635093003,-73.89026185593585,-82.84510951722835,-68.74788613416528,-89.9706795925195,-67.99050381525949,-52.40184722965915,-16.37968845891298,-109.5080334911809
evreg2,5.relative_year_bin_aux,127.0940687733974,439.4768807690173,702.7701957427823,622.9145694529577,545.6674648934229,455.5429970376702,347.0487642715455,230.5721261992283,99.01032915197788,-84.38263011452449,-180.9366742269989,0,-.1554675531970008,-19.67723316286557,-28.42456103294167,-54.12097404214892,-59.52862124234599,-49.52751314444727,-63.89844683516298,-48.464079197803,-38.70105697474094,-12.41978338352079,-82.10889370060963
evreg2,6.relative_year_bin_aux,98.94806359009266,439.4768807690173,450.9027202934876,399.8622393314726,353.2868347790054,297.6528232474947,230.5721261992283,158.7784369083874,69.97247680844461,-56.69567218317405,-122.0844815131998,0,-.1135633649879066,-10.89456964762881,-15.58186457683088,-31.85236863919163,-35.57724189541152,-29.06114063048151,-36.83074053196356,-29.77247319395496,-24.08849957947321,-9.168661438351538,-52.21057784868194
evreg2,7.relative_year_bin_aux,33.9922028707018,439.4768807690173,186.8310329284552,165.3652889191925,146.7966142620643,125.2849351916802,99.01032915197788,69.97247680844461,33.53697281536774,-27.38628201141081,-53.54052620767825,0,.0182583016062724,-8.675918019800648,-4.636072975758691,-12.89683984922594,-14.3899682355967,-11.17488426304854,-14.30298510654499,-11.57049057586457,-12.17074728885157,-2.910530831025872,-26.08552270999961
evreg2,9.relative_year_bin_aux,-5.903660225395452,439.4768807690173,-178.7080448642627,-157.6989688256205,-137.4879350177918,-111.6484233631663,-84.38263011452449,-56.69567218317405,-27.38628201141081,32.29821310994909,64.13734292884121,0,-.2147099587725391,8.62420726464226,3.762155861591698,12.39419131814985,14.84124152913716,9.346042071979285,14.55063373656784,11.22899616337599,15.06666029556376,.5658030705645168,31.09182512800122
evreg2,10.relative_year_bin_aux,-49.35021303331325,439.4768807690173,-390.0854590186935,-345.5051123509222,-302.3115279527512,-243.2665966436656,-180.9366742269989,-122.0844815131998,-53.54052620767825,64.13734292884121,144.6905808350976,0,-.3041825690149081,5.966240975942179,11.95400749722152,25.64279392654877,32.94376273738437,22.25872368257625,33.11405348144701,26.68574743865258,29.00734991064112,6.503802114852442,60.32280113952432
evreg2,1o.treat,0,439.4768807690173,0,0,0,0,0,0,0,0,0,0,0,0,0,0,0,0,0,0,0,0,0
evreg2,wind_direction,-1.29250418649079,439.4768807690173,-.1373284863587257,-.1181164646875852,-.1172760426098379,-.1806970065268674,-.1554675531970008,-.1135633649879066,.0182583016062724,-.2147099587725391,-.3041825690149081,0,.010431608686395,-.1819921952405294,.1293574471113039,.0848323623200319,.0402991861749678,.1046281093725172,.0105575967277839,-.0097020519599786,-.1806758517847805,.1098855316146925,-.2843382099062562
evreg2,av_wind_speed,60.27128369443496,439.4768807690173,-50.65725963595884,-44.73292002394449,-34.31144753351971,-27.97836076977968,-19.67723316286557,-10.89456964762881,-8.675918019800648,8.62420726464226,5.966240975942179,0,-.1819921952405294,55.91202829244703,-3.108818250454369,3.829720602263505,8.836546830215372,3.830205183994297,9.746843297059991,11.69429412102136,9.483704562579739,-2.57991479341706,8.886282804291543
evreg2,1bn.relative_year_bin_aux#1.treat,28.7917538350229,439.4768807690173,-45.57980246575388,-49.61937711955046,-41.48445829757161,-38.15584635093003,-28.42456103294167,-15.58186457683088,-4.636072975758691,3.762155861591698,11.95400749722152,0,.1293574471113039,-3.108818250454369,318.2032782407214,255.788956436935,269.0832092157096,239.8265772683415,187.9043236277872,95.73175816480372,57.81261933706883,77.33436728769101,146.0681498804486
evreg2,2.relative_year_bin_aux#1.treat,35.16093544192211,439.4768807690173,-111.8620894114706,-105.24320370809,-87.24394089894872,-73.89026185593585,-54.12097404214892,-31.85236863919163,-12.89683984922594,12.39419131814985,25.64279392654877,0,.0848323623200319,3.829720602263505,255.788956436935,269.1892912292607,253.2003365398957,226.9867824097778,173.8819663131311,91.76147395518058,44.79759475632432,85.0076362759858,151.1707430686537
evreg2,3.relative_year_bin_aux#1.treat,38.45302778105573,439.4768807690173,-128.3979812979326,-120.0004072445263,-99.68549264280344,-82.84510951722835,-59.52862124234599,-35.57724189541152,-14.3899682355967,14.84124152913716,32.94376273738437,0,.0402991861749678,8.836546830215372,269.0832092157096,253.2003365398957,293.8918051196369,232.1273791122846,212.6210028255664,124.2865184473483,88.37704274869377,87.89896802080851,210.3066432377815
evreg2,4.relative_year_bin_aux#1.treat,32.77029066603026,439.4768807690173,-102.959132995994,-97.3418760668561,-80.23620679389285,-68.74788613416528,-49.52751314444727,-29.06114063048151,-11.17488426304854,9.346042071979285,22.25872368257625,0,.1046281093725172,3.830205183994297,239.8265772683415,226.9867824097778,232.1273791122846,241.7778453193886,179.2198105657242,95.12287348547605,54.85611954276498,91.65266771640445,160.109640614361
evreg2,5.relative_year_bin_aux#1.treat,50.1497969047038,439.4768807690173,-148.5990092172063,-134.3443992568791,-110.0038990284418,-89.9706795925195,-63.89844683516298,-36.83074053196356,-14.30298510654499,14.55063373656784,33.11405348144701,0,.0105575967277839,9.746843297059991,187.9043236277872,173.8819663131311,212.6210028255664,179.2198105657242,224.4190318095241,126.6745019345287,105.0061993099307,78.5332505492961,221.8797793248733
evreg2,6.relative_year_bin_aux#1.treat,16.95885227470258,439.4768807690173,-116.5874329586514,-103.0792037104074,-84.95302022807024,-67.99050381525949,-48.464079197803,-29.77247319395496,-11.57049057586457,11.22899616337599,26.68574743865258,0,-.0097020519599786,11.69429412102136,95.73175816480372,91.76147395518058,124.2865184473483,95.12287348547605,126.6745019345287,121.7737506721845,81.55409130289203,43.54759740896261,119.3712703443448
evreg2,7.relative_year_bin_aux#1.treat,33.21071755439414,439.4768807690173,-89.85651457027414,-78.73017020658821,-65.00371054311661,-52.40184722965915,-38.70105697474094,-24.08849957947321,-12.17074728885157,15.06666029556376,29.00734991064112,0,-.1806758517847805,9.483704562579739,57.81261933706883,44.79759475632432,88.37704274869377,54.85611954276498,105.0061993099307,81.55409130289203,118.8427822537461,20.65377820565503,147.46215680996
evreg2,9.relative_year_bin_aux#1.treat,40.38322542485229,439.4768807690173,-22.66901694783196,-21.12773982299372,-18.45456490345039,-16.37968845891298,-12.41978338352079,-9.168661438351538,-2.910530831025872,.5658030705645168,6.503802114852442,0,.1098855316146925,-2.57991479341706,77.33436728769101,85.0076362759858,87.89896802080851,91.65266771640445,78.5332505492961,43.54759740896261,20.65377820565503,95.87211561977819,115.7684364425706
evreg2,10.relative_year_bin_aux#1.treat,92.95848815543562,439.4768807690173,-180.9638051465567,-158.6644854633579,-133.0464109803517,-109.5080334911809,-82.10889370060963,-52.21057784868194,-26.08552270999961,31.09182512800122,60.32280113952432,0,-.2843382099062562,8.886282804291543,146.0681498804486,151.1707430686537,210.3066432377815,160.109640614361,221.8797793248733,119.3712703443448,147.46215680996,115.7684364425706,450.9451493590869
evreg3,1bno.relative_year_bin_aux,0,439.4768807690173,0,0,0,0,0,0,0,0,0,0,0,0,0,0,0,0,0,0,0,0,0
evreg3,2o.relative_year_bin_aux,0,439.4768807690173,0,0,0,0,0,0,0,0,0,0,0,0,0,0,0,0,0,0,0,0,0
evreg3,3o.relative_year_bin_aux,0,439.4768807690173,0,0,0,0,0,0,0,0,0,0,0,0,0,0,0,0,0,0,0,0,0
evreg3,4o.relative_year_bin_aux,0,439.4768807690173,0,0,0,0,0,0,0,0,0,0,0,0,0,0,0,0,0,0,0,0,0
evreg3,5o.relative_year_bin_aux,0,439.4768807690173,0,0,0,0,0,0,0,0,0,0,0,0,0,0,0,0,0,0,0,0,0
evreg3,6o.relative_year_bin_aux,0,439.4768807690173,0,0,0,0,0,0,0,0,0,0,0,0,0,0,0,0,0,0,0,0,0
evreg3,7o.relative_year_bin_aux,0,439.4768807690173,0,0,0,0,0,0,0,0,0,0,0,0,0,0,0,0,0,0,0,0,0
evreg3,9o.relative_year_bin_aux,0,439.4768807690173,0,0,0,0,0,0,0,0,0,0,0,0,0,0,0,0,0,0,0,0,0
evreg3,10o.relative_year_bin_aux,0,439.4768807690173,0,0,0,0,0,0,0,0,0,0,0,0,0,0,0,0,0,0,0,0,0
evreg3,1o.treat,0,439.4768807690173,0,0,0,0,0,0,0,0,0,0,0,0,0,0,0,0,0,0,0,0,0
evreg3,wind_direction,-.7352871612640457,439.4768807690173,0,0,0,0,0,0,0,0,0,0,.0091743101986047,-1.16981675206955,.0584065143235063,.1359855546997062,.0533252774451187,.0667903406158447,.0393768225680358,-.0182225209396967,-.0725251551628686,.0319168317197364,-.1267246649483654
evreg3,av_wind_speed,150.9715347915851,439.4768807690173,0,0,0,0,0,0,0,0,0,0,-1.16981675206955,371.0296549281186,-30.32095192986494,-34.28983117236388,-21.42002141568169,-28.2979854488558,-15.56709418624722,-.860443764860629,16.61561983883869,-13.28679553605715,32.5222502486708
evreg3,1bn.relative_year_bin_aux#1.treat,19.26674024755579,439.4768807690173,0,0,0,0,0,0,0,0,0,0,.0584065143235063,-30.32095192986494,311.8555798156723,242.4681729964037,262.8990602001125,209.7558661638675,200.0423581155095,110.2311997999506,69.99943251733221,66.76564496878905,146.1993002311565
evreg3,2.relative_year_bin_aux#1.treat,10.92431309374838,439.4768807690173,0,0,0,0,0,0,0,0,0,0,.1359855546997062,-34.28983117236388,242.4681729964037,232.4956800655149,213.2856429418168,183.8431096566013,151.972744993266,82.01953988661329,34.7188299237353,51.85816531831779,74.10126022907257
evreg3,3.relative_year_bin_aux#1.treat,8.046343746152493,439.4768807690173,0,0,0,0,0,0,0,0,0,0,.0533252774451187,-21.42002141568169,262.8990602001125,213.2856429418168,252.221647669298,177.9742374043624,186.0043908609766,107.6698099807785,74.07514842409064,62.79801151879402,144.0302297340133
evreg3,4.relative_year_bin_aux#1.treat,34.71349150912791,439.4768807690173,0,0,0,0,0,0,0,0,0,0,.0667903406158447,-28.2979854488558,209.7558661638675,183.8431096566013,177.9742374043624,181.7247598241357,136.8080310655961,68.500658796835,33.95669037291471,61.58301396422639,86.62155231462242
evreg3,5.relative_year_bin_aux#1.treat,21.88232671308704,439.4768807690173,0,0,0,0,0,0,0,0,0,0,.0393768225680358,-15.56709418624722,200.0423581155095,151.972744993266,186.0043908609766,136.8080310655961,187.9812056635142,92.41970174638884,79.33796911542171,68.36470570636914,171.5232976553337
evreg3,6.relative_year_bin_aux#1.treat,-28.14419922531663,439.4768807690173,0,0,0,0,0,0,0,0,0,0,-.0182225209396967,-.860443764860629,110.2311997999506,82.01953988661329,107.6698099807785,68.500658796835,92.41970174638884,82.62586193035712,56.12703294467488,28.31983713717074,75.66203888057731
evreg3,7.relative_year_bin_aux#1.treat,-20.21777897260714,439.4768807690173,0,0,0,0,0,0,0,0,0,0,-.0725251551628686,16.61561983883869,69.99943251733221,34.7188299237353,74.07514842409064,33.95669037291471,79.33796911542171,56.12703294467488,85.74485909553545,21.08683855770213,97.83873397808449
evreg3,9.relative_year_bin_aux#1.treat,54.0163487411392,439.4768807690173,0,0,0,0,0,0,0,0,0,0,.0319168317197364,-13.28679553605715,66.76564496878905,51.85816531831779,62.79801151879402,61.58301396422639,68.36470570636914,28.31983713717074,21.08683855770213,92.20935289748682,123.0197009982312
evreg3,10.relative_year_bin_aux#1.treat,47.48969937335684,439.4768807690173,0,0,0,0,0,0,0,0,0,0,-.1267246649483654,32.5222502486708,146.1993002311565,74.10126022907257,144.0302297340133,86.62155231462242,171.5232976553337,75.66203888057731,97.83873397808449,123.0197009982312,360.8237364873522
evreg4,1bno.relative_year_bin_aux,0,439.4768807690173,0,0,0,0,0,0,0,0,0,0,0,0,0,0,0,0,0,0,0,0,0
evreg4,2o.relative_year_bin_aux,0,439.4768807690173,0,0,0,0,0,0,0,0,0,0,0,0,0,0,0,0,0,0,0,0,0
evreg4,3o.relative_year_bin_aux,0,439.4768807690173,0,0,0,0,0,0,0,0,0,0,0,0,0,0,0,0,0,0,0,0,0
evreg4,4o.relative_year_bin_aux,0,439.4768807690173,0,0,0,0,0,0,0,0,0,0,0,0,0,0,0,0,0,0,0,0,0
evreg4,5o.relative_year_bin_aux,0,439.4768807690173,0,0,0,0,0,0,0,0,0,0,0,0,0,0,0,0,0,0,0,0,0
evreg4,6o.relative_year_bin_aux,0,439.4768807690173,0,0,0,0,0,0,0,0,0,0,0,0,0,0,0,0,0,0,0,0,0
evreg4,7o.relative_year_bin_aux,0,439.4768807690173,0,0,0,0,0,0,0,0,0,0,0,0,0,0,0,0,0,0,0,0,0
evreg4,9o.relative_year_bin_aux,0,439.4768807690173,0,0,0,0,0,0,0,0,0,0,0,0,0,0,0,0,0,0,0,0,0
evreg4,10o.relative_year_bin_aux,0,439.4768807690173,0,0,0,0,0,0,0,0,0,0,0,0,0,0,0,0,0,0,0,0,0
evreg4,1o.treat,0,439.4768807690173,0,0,0,0,0,0,0,0,0,0,0,0,0,0,0,0,0,0,0,0,0
evreg4,wind_direction,-.7150825960429509,439.4768807690173,0,0,0,0,0,0,0,0,0,0,.0087192163460595,-1.117020916392484,-.0195089226679651,.103093158686635,.0610442673322995,.0742999559051545,-.010213400771158,-.0596675014199909,-.0766264167646974,.0191293018347581,-.2524639583073185
evreg4,av_wind_speed,150.183417610042,439.4768807690173,0,0,0,0,0,0,0,0,0,0,-1.117020916392484,366.8909692710213,1.674543984549951,-19.12840044347364,-18.18352001768107,-21.66015836493336,5.941583681371826,15.86089639326475,19.18988697422796,-2.405247038647545,86.64796313667053
evreg4,1bn.relative_year_bin_aux#1.treat,59.03811251271685,439.4768807690173,0,0,0,0,0,0,0,0,0,0,-.0195089226679651,1.674543984549951,311.7213043549979,247.0446677694979,270.958548620195,223.7047410616907,197.9978513244536,109.0376834334754,70.14825467627408,78.63536003865384,191.8612117177002
evreg4,2.relative_year_bin_aux#1.treat,27.82635096320372,439.4768807690173,0,0,0,0,0,0,0,0,0,0,.103093158686635,-19.12840044347364,247.0446677694979,244.2342354832915,233.3313197849436,206.3531505428738,152.0566268733224,77.45410740642131,33.68483515204984,61.96658507040768,106.2693115063214
evreg4,3.relative_year_bin_aux#1.treat,4.787597659871246,439.4768807690173,0,0,0,0,0,0,0,0,0,0,.0610442673322995,-18.18352001768107,270.958548620195,233.3313197849436,289.4523066167392,214.638703377029,178.378757107567,97.18349558630375,69.5147603316377,69.51223339297462,148.8054415050192
evreg4,4.relative_year_bin_aux#1.treat,27.51139585881236,439.4768807690173,0,0,0,0,0,0,0,0,0,0,.0742999559051545,-21.66015836493336,223.7047410616907,206.3531505428738,214.638703377029,218.8857907991632,140.0035685671347,65.50049748911275,32.44237352860763,71.81528198673094,100.1600508242911
evreg4,5.relative_year_bin_aux#1.treat,54.020750235756,439.4768807690173,0,0,0,0,0,0,0,0,0,0,-.010213400771158,5.941583681371826,197.9978513244536,152.0566268733224,178.378757107567,140.0035685671347,189.2275675749249,100.3727663160629,77.74797289560368,71.06081848495813,191.8925423106054
evreg4,6.relative_year_bin_aux#1.treat,5.155190316813552,439.4768807690173,0,0,0,0,0,0,0,0,0,0,-.0596675014199909,15.86089639326475,109.0376834334754,77.45410740642131,97.18349558630375,65.50049748911275,100.3727663160629,91.83315292386217,59.25086900867403,34.37803657467332,99.71963770250635
evreg4,7.relative_year_bin_aux#1.treat,-7.759822299505643,439.4768807690173,0,0,0,0,0,0,0,0,0,0,-.0766264167646974,19.18988697422796,70.14825467627408,33.68483515204984,69.5147603316377,32.44237352860763,77.74797289560368,59.25086900867403,87.25709583736749,22.70580192669333,108.3600320504546
evreg4,9.relative_year_bin_aux#1.treat,56.70226581677126,439.4768807690173,0,0,0,0,0,0,0,0,0,0,.0191293018347581,-2.405247038647545,78.63536003865384,61.96658507040768,69.51223339297462,71.81528198673094,71.06081848495813,34.37803657467332,22.70580192669333,98.05245750339566,128.9949502936502
evreg4,10.relative_year_bin_aux#1.treat,105.9704814926612,439.4768807690173,0,0,0,0,0,0,0,0,0,0,-.2524639583073185,86.64796313667053,191.8612117177002,106.2693115063214,148.8054415050192,100.1600508242911,191.8925423106054,99.71963770250635,108.3600320504546,128.9949502936502,440.1368363181409
evreg5,1bno.relative_year_bin_aux,0,439.4768807690173,0,0,0,0,0,0,0,0,0,0,0,0,0,0,0,0,0,0,0,0,0
evreg5,2o.relative_year_bin_aux,0,439.4768807690173,0,0,0,0,0,0,0,0,0,0,0,0,0,0,0,0,0,0,0,0,0
evreg5,3o.relative_year_bin_aux,0,439.4768807690173,0,0,0,0,0,0,0,0,0,0,0,0,0,0,0,0,0,0,0,0,0
evreg5,4o.relative_year_bin_aux,0,439.4768807690173,0,0,0,0,0,0,0,0,0,0,0,0,0,0,0,0,0,0,0,0,0
evreg5,5o.relative_year_bin_aux,0,439.4768807690173,0,0,0,0,0,0,0,0,0,0,0,0,0,0,0,0,0,0,0,0,0
evreg5,6o.relative_year_bin_aux,0,439.4768807690173,0,0,0,0,0,0,0,0,0,0,0,0,0,0,0,0,0,0,0,0,0
evreg5,7o.relative_year_bin_aux,0,439.4768807690173,0,0,0,0,0,0,0,0,0,0,0,0,0,0,0,0,0,0,0,0,0
evreg5,9o.relative_year_bin_aux,0,439.4768807690173,0,0,0,0,0,0,0,0,0,0,0,0,0,0,0,0,0,0,0,0,0
evreg5,10o.relative_year_bin_aux,0,439.4768807690173,0,0,0,0,0,0,0,0,0,0,0,0,0,0,0,0,0,0,0,0,0
evreg5,1o.treat,0,439.4768807690173,0,0,0,0,0,0,0,0,0,0,0,0,0,0,0,0,0,0,0,0,0
evreg5,wind_direction,-.8016329051496845,439.4768807690173,0,0,0,0,0,0,0,0,0,0,.0102637943021782,-1.219315335330669,-.0018747059467977,.0458084230394332,-.0273961290827321,-.0116906859375602,-.1041111958352993,-.1402736550231951,-.1996062009266177,.0377897845321644,-.2361948073251825
evreg5,av_wind_speed,149.154443789068,439.4768807690173,0,0,0,0,0,0,0,0,0,0,-1.219315335330669,362.1342280507396,-25.45678291053148,-11.11615344098627,-2.06054873357277,-19.82749672692137,1.714837586535215,20.04491845542068,40.52567730015652,-14.45390858777104,66.1558644809036
evreg5,1bn.relative_year_bin_aux#1.treat,29.85895722538334,439.4768807690173,0,0,0,0,0,0,0,0,0,0,-.0018747059467977,-25.45678291053148,316.8839700571845,259.4961678594551,269.4785443155265,238.6492863328624,187.4805017110886,95.11095864660801,54.87252057876098,72.91455655830075,146.2354793952442
evreg5,2.relative_year_bin_aux#1.treat,36.81329940177731,439.4768807690173,0,0,0,0,0,0,0,0,0,0,.0458084230394332,-11.11615344098627,259.4961678594551,267.9180246351108,248.7093948540763,224.1258241454482,169.1068264308268,87.60104194755962,39.62527925718015,81.51466219749615,137.6954809707929
evreg5,3.relative_year_bin_aux#1.treat,40.68989859777664,439.4768807690173,0,0,0,0,0,0,0,0,0,0,-.0273961290827321,-2.06054873357277,269.4785443155265,248.7093948540763,284.3886035229928,225.4051209615588,202.6695608645229,116.3905874077012,78.02293545834425,82.0608321312246,189.2814928203581
evreg5,4.relative_year_bin_aux#1.treat,33.29083323969687,439.4768807690173,0,0,0,0,0,0,0,0,0,0,-.0116906859375602,-19.82749672692137,238.6492863328624,224.1258241454482,225.4051209615588,236.6115031539265,172.1849805258342,90.23664659592063,48.2981081533075,88.36656623324967,145.5541346064279
evreg5,5.relative_year_bin_aux#1.treat,51.43514256117594,439.4768807690173,0,0,0,0,0,0,0,0,0,0,-.1041111958352993,1.714837586535215,187.4805017110886,169.1068264308268,202.6695608645229,172.1849805258342,214.0536465785203,119.0523373416465,94.76535211000463,71.78640273808755,198.6881792943489
evreg5,6.relative_year_bin_aux#1.treat,19.52123118082714,439.4768807690173,0,0,0,0,0,0,0,0,0,0,-.1402736550231951,20.04491845542068,95.11095864660801,87.60104194755962,116.3905874077012,90.23664659592063,119.0523373416465,116.0511899145264,74.94770140897795,39.4669914121102,105.073516546211
evreg5,7.relative_year_bin_aux#1.treat,31.34924546401322,439.4768807690173,0,0,0,0,0,0,0,0,0,0,-.1996062009266177,40.52567730015652,54.87252057876098,39.62527925718015,78.02293545834425,48.2981081533075,94.76535211000463,74.94770140897795,106.7662670071307,16.77205060593797,126.2490418088288
evreg5,9.relative_year_bin_aux#1.treat,39.39042392065289,439.4768807690173,0,0,0,0,0,0,0,0,0,0,.0377897845321644,-14.45390858777104,72.91455655830075,81.51466219749615,82.0608321312246,88.36656623324967,71.78640273808755,39.4669914121102,16.77205060593797,95.86902840185996,107.3922115669193
evreg5,10.relative_year_bin_aux#1.treat,94.68674590288686,439.4768807690173,0,0,0,0,0,0,0,0,0,0,-.2361948073251825,66.1558644809036,146.2354793952442,137.6954809707929,189.2814928203581,145.5541346064279,198.6881792943489,105.073516546211,126.2490418088288,107.3922115669193,401.4245360064087
evreg6,1bno.relative_year_bin_aux,0,439.4768807690173,0,0,0,0,0,0,0,0,0,0,0,0,0,0,0,0,0,0,0,0,0
evreg6,2o.relative_year_bin_aux,0,439.4768807690173,0,0,0,0,0,0,0,0,0,0,0,0,0,0,0,0,0,0,0,0,0
evreg6,3o.relative_year_bin_aux,0,439.4768807690173,0,0,0,0,0,0,0,0,0,0,0,0,0,0,0,0,0,0,0,0,0
evreg6,4o.relative_year_bin_aux,0,439.4768807690173,0,0,0,0,0,0,0,0,0,0,0,0,0,0,0,0,0,0,0,0,0
evreg6,5o.relative_year_bin_aux,0,439.4768807690173,0,0,0,0,0,0,0,0,0,0,0,0,0,0,0,0,0,0,0,0,0
evreg6,6o.relative_year_bin_aux,0,439.4768807690173,0,0,0,0,0,0,0,0,0,0,0,0,0,0,0,0,0,0,0,0,0
evreg6,7o.relative_year_bin_aux,0,439.4768807690173,0,0,0,0,0,0,0,0,0,0,0,0,0,0,0,0,0,0,0,0,0
evreg6,9o.relative_year_bin_aux,0,439.4768807690173,0,0,0,0,0,0,0,0,0,0,0,0,0,0,0,0,0,0,0,0,0
evreg6,10o.relative_year_bin_aux,0,439.4768807690173,0,0,0,0,0,0,0,0,0,0,0,0,0,0,0,0,0,0,0,0,0
evreg6,1o.treat,0,439.4768807690173,0,0,0,0,0,0,0,0,0,0,0,0,0,0,0,0,0,0,0,0,0
evreg6,wind_direction,-.708020360557427,439.4768807690173,0,0,0,0,0,0,0,0,0,0,.0088119716878528,-1.170870793173412,.0393127475192244,.1292943937185521,.0580293836099525,.0707009204961189,.0347280520407154,-.0137289258170692,-.0579536909307637,.0086597063912906,-.2372623709664872
evreg6,av_wind_speed,159.6556918644904,439.4768807690173,0,0,0,0,0,0,0,0,0,0,-1.170870793173412,411.8884336488803,-31.83921311887681,-40.71796497931724,-32.37612964540018,-40.64987212906718,-24.65611014452308,-8.330169887626207,10.8761937950577,-5.238644379285696,77.62498054169272
evreg6,1bn.relative_year_bin_aux#1.treat,17.59651631552345,439.4768807690173,0,0,0,0,0,0,0,0,0,0,.0393127475192244,-31.83921311887681,303.150314585987,243.4911179402921,276.1358135246916,226.0970481838907,196.1873439496323,105.3082448124172,73.97429302477688,79.92939082415872,174.1204623464676
evreg6,2.relative_year_bin_aux#1.treat,3.724671321623568,439.4768807690173,0,0,0,0,0,0,0,0,0,0,.1292943937185521,-40.71796497931724,243.4911179402921,243.244801884503,235.177471432579,208.0746896544129,152.9738109788895,78.42576004028491,38.61270873419604,64.68308589176419,100.3611371328762
evreg6,3.relative_year_bin_aux#1.treat,-4.630248366832745,439.4768807690173,0,0,0,0,0,0,0,0,0,0,.0580293836099525,-32.37612964540018,276.1358135246916,235.177471432579,283.4907136591832,209.153689197373,190.0781904504221,107.3332823999351,78.80280195732092,70.04470083442924,156.5843749986248
evreg6,4.relative_year_bin_aux#1.treat,20.23726999041656,439.4768807690173,0,0,0,0,0,0,0,0,0,0,.0707009204961189,-40.64987212906718,226.0970481838907,208.0746896544129,209.153689197373,214.9281669785061,146.989048902278,73.97203822278874,40.91590395105634,72.33758509000205,109.1326504099811
evreg6,5.relative_year_bin_aux#1.treat,18.70608064756764,439.4768807690173,0,0,0,0,0,0,0,0,0,0,.0347280520407154,-24.65611014452308,196.1873439496323,152.9738109788895,190.0781904504221,146.989048902278,192.0147787838069,100.4867241811994,85.62450413262592,74.66946457818575,186.7621500122788
evreg6,6.relative_year_bin_aux#1.treat,-27.33059489746859,439.4768807690173,0,0,0,0,0,0,0,0,0,0,-.0137289258170692,-8.330169887626207,105.3082448124172,78.42576004028491,107.3332823999351,73.97203822278874,100.4867241811994,90.59514889438302,62.07932993623405,36.30361727307983,83.51623139338635
evreg6,7.relative_year_bin_aux#1.treat,-22.68695023983171,439.4768807690173,0,0,0,0,0,0,0,0,0,0,-.0579536909307637,10.8761937950577,73.97429302477688,38.61270873419604,78.80280195732092,40.91590395105634,85.62450413262592,62.07932993623405,89.7601176220244,23.24546059514945,104.8208109066819
evreg6,9.relative_year_bin_aux#1.treat,61.51085908124017,439.4768807690173,0,0,0,0,0,0,0,0,0,0,.0086597063912906,-5.238644379285696,79.92939082415872,64.68308589176419,70.04470083442924,72.33758509000205,74.66946457818575,36.30361727307983,23.24546059514945,97.49132422922428,138.1849894710523
evreg6,10.relative_year_bin_aux#1.treat,95.55677339542967,439.4768807690173,0,0,0,0,0,0,0,0,0,0,-.2372623709664872,77.62498054169272,174.1204623464676,100.3611371328762,156.5843749986248,109.1326504099811,186.7621500122788,83.51623139338635,104.8208109066819,138.1849894710523,458.972150732701
evreg7,1bno.relative_year_bin_aux,0,439.4768807690173,0,0,0,0,0,0,0,0,0,0,0,0,0,0,0,0,0,0,0,0,0
evreg7,2o.relative_year_bin_aux,0,439.4768807690173,0,0,0,0,0,0,0,0,0,0,0,0,0,0,0,0,0,0,0,0,0
evreg7,3o.relative_year_bin_aux,0,439.4768807690173,0,0,0,0,0,0,0,0,0,0,0,0,0,0,0,0,0,0,0,0,0
evreg7,4o.relative_year_bin_aux,0,439.4768807690173,0,0,0,0,0,0,0,0,0,0,0,0,0,0,0,0,0,0,0,0,0
evreg7,5o.relative_year_bin_aux,0,439.4768807690173,0,0,0,0,0,0,0,0,0,0,0,0,0,0,0,0,0,0,0,0,0
evreg7,6o.relative_year_bin_aux,0,439.4768807690173,0,0,0,0,0,0,0,0,0,0,0,0,0,0,0,0,0,0,0,0,0
evreg7,7o.relative_year_bin_aux,0,439.4768807690173,0,0,0,0,0,0,0,0,0,0,0,0,0,0,0,0,0,0,0,0,0
evreg7,9o.relative_year_bin_aux,0,439.4768807690173,0,0,0,0,0,0,0,0,0,0,0,0,0,0,0,0,0,0,0,0,0
evreg7,10o.relative_year_bin_aux,0,439.4768807690173,0,0,0,0,0,0,0,0,0,0,0,0,0,0,0,0,0,0,0,0,0
evreg7,1o.treat,0,439.4768807690173,0,0,0,0,0,0,0,0,0,0,0,0,0,0,0,0,0,0,0,0,0
evreg7,wind_direction,-.7166764304154492,439.4768807690173,0,0,0,0,0,0,0,0,0,0,.0089400761007392,-1.158280884201489,.0655276275857257,.0378550435860385,-.0266065050280044,-.0097231679857754,-.0953353982116708,-.1327049680799809,-.1996147494730172,.0145993432332792,-.3254353624933233
evreg7,av_wind_speed,156.288209439766,439.4768807690173,0,0,0,0,0,0,0,0,0,0,-1.158280884201489,399.3183760927175,-50.12809047422669,-14.72859895802489,-5.87455508176285,-23.67475141115648,-2.793378312752377,17.4018270815966,40.84948646017155,-8.232701538662424,90.97773908217697
evreg7,1bn.relative_year_bin_aux#1.treat,24.29682347541794,439.4768807690173,0,0,0,0,0,0,0,0,0,0,.0655276275857257,-50.12809047422669,314.006290683018,253.8008972451235,263.7283577779407,235.0551319951778,181.176767739785,90.77823335504081,48.08395024350298,75.51523066604216,134.0176194938317
evreg7,2.relative_year_bin_aux#1.treat,37.19156655153551,439.4768807690173,0,0,0,0,0,0,0,0,0,0,.0378550435860385,-14.72859895802489,253.8008972451235,268.5508258702181,249.3526818937681,224.7826567538654,170.0693639725781,88.37843175611872,40.47494109651755,83.5304935487318,146.262952272011
evreg7,3.relative_year_bin_aux#1.treat,40.84205505449484,439.4768807690173,0,0,0,0,0,0,0,0,0,0,-.0266065050280044,-5.87455508176285,263.7283577779407,249.3526818937681,284.9170172727683,225.9357378534997,203.5540741483593,117.0770028143448,78.86291705937759,83.92861295122103,197.6245754397624
evreg7,4.relative_year_bin_aux#1.treat,33.32144008343979,439.4768807690173,0,0,0,0,0,0,0,0,0,0,-.0097231679857754,-23.67475141115648,235.0551319951778,224.7826567538654,225.9357378534997,237.0566334722028,172.9756968282528,90.95206365345602,49.17990212669095,89.58107331962667,151.5428447651134
evreg7,5.relative_year_bin_aux#1.treat,51.54025380691879,439.4768807690173,0,0,0,0,0,0,0,0,0,0,-.0953353982116708,-2.793378312752377,181.176767739785,170.0693639725781,203.5540741483593,172.9756968282528,215.2306057896535,120.0270338605777,95.93523906310395,73.89660618904297,208.5568708442459
evreg7,6.relative_year_bin_aux#1.treat,19.67685071355978,439.4768807690173,0,0,0,0,0,0,0,0,0,0,-.1327049680799809,17.4018270815966,90.77823335504081,88.37843175611872,117.0770028143448,90.95206365345602,120.0270338605777,116.8314434073316,75.71110246318214,41.01190518732129,111.9553760154935
evreg7,7.relative_year_bin_aux#1.treat,31.39607176557925,439.4768807690173,0,0,0,0,0,0,0,0,0,0,-.1996147494730172,40.84948646017155,48.08395024350298,40.47494109651755,78.86291705937759,49.17990212669095,95.93523906310395,75.71110246318214,107.5024741788823,19.07577306831005,135.9559218067264
evreg7,9.relative_year_bin_aux#1.treat,41.54318917959511,439.4768807690173,0,0,0,0,0,0,0,0,0,0,.0145993432332792,-8.232701538662424,75.51523066604216,83.5304935487318,83.92861295122103,89.58107331962667,73.89660618904297,41.01190518732129,19.07577306831005,94.49052803693947,109.8003504645016
evreg7,10.relative_year_bin_aux#1.treat,100.3911147797829,439.4768807690173,0,0,0,0,0,0,0,0,0,0,-.3254353624933233,90.97773908217697,134.0176194938317,146.262952272011,197.6245754397624,151.5428447651134,208.5568708442459,111.9553760154935,135.9559218067264,109.8003504645016,438.0449532194899
evreg8,1bno.relative_year_bin_aux,0,439.4768807690173,0,0,0,0,0,0,0,0,0,0,0,0,0,0,0,0,0,0,0,0,0
evreg8,2o.relative_year_bin_aux,0,439.4768807690173,0,0,0,0,0,0,0,0,0,0,0,0,0,0,0,0,0,0,0,0,0
evreg8,3o.relative_year_bin_aux,0,439.4768807690173,0,0,0,0,0,0,0,0,0,0,0,0,0,0,0,0,0,0,0,0,0
evreg8,4o.relative_year_bin_aux,0,439.4768807690173,0,0,0,0,0,0,0,0,0,0,0,0,0,0,0,0,0,0,0,0,0
evreg8,5o.relative_year_bin_aux,0,439.4768807690173,0,0,0,0,0,0,0,0,0,0,0,0,0,0,0,0,0,0,0,0,0
evreg8,6o.relative_year_bin_aux,0,439.4768807690173,0,0,0,0,0,0,0,0,0,0,0,0,0,0,0,0,0,0,0,0,0
evreg8,7o.relative_year_bin_aux,0,439.4768807690173,0,0,0,0,0,0,0,0,0,0,0,0,0,0,0,0,0,0,0,0,0
evreg8,9o.relative_year_bin_aux,0,439.4768807690173,0,0,0,0,0,0,0,0,0,0,0,0,0,0,0,0,0,0,0,0,0
evreg8,10o.relative_year_bin_aux,0,439.4768807690173,0,0,0,0,0,0,0,0,0,0,0,0,0,0,0,0,0,0,0,0,0
evreg8,1o.treat,0,439.4768807690173,0,0,0,0,0,0,0,0,0,0,0,0,0,0,0,0,0,0,0,0,0
evreg8,wind_direction,-.8016317730784981,439.4768807690173,0,0,0,0,0,0,0,0,0,0,.0102627113400591,-1.219147644131028,-.0000349181536162,.047853577309589,-.025762652550368,-.0101318356891944,-.1026566028041147,-.1375168345032766,-.1972400289079737,.0394382949238059,-.2344389496855969
