reg,var,beta,ymean,cov1,cov2,cov3,cov4,cov5,cov6,cov7,cov8,cov9,cov10,cov11,cov12,cov13,cov14,cov15,cov16,cov17,cov18,cov19,cov20,cov21
evreg1,1bn.relative_year_bin_aux,160.2821841726247,382.6429082514188,1401.85653449853,1238.62335680431,1078.872369472084,887.9687342825582,664.479471661716,433.0220454426598,179.017751071825,-162.6683368818828,-361.0951132700636,0,-.117144065704562,-44.17892440920077,-27.09656648141194,-80.70883445109398,-94.13141636683817,-76.90370896685324,-114.1206190061442,-92.49751892098118,-71.92196874038466,-15.97325108871899,-142.5262190739988
evreg1,2.relative_year_bin_aux,144.6359351648949,382.6429082514188,1238.62335680431,1097.719653603449,958.1894916684117,790.5410152016647,592.7115277897166,386.595969648685,159.5675643054788,-144.293653025501,-321.4920343019982,0,-.108233991049709,-39.223709016847,-31.56173333584846,-76.28795842406061,-88.32168015892253,-72.92724476006359,-103.2470982084445,-81.93015337881175,-63.02830138638201,-15.091221218037,-124.8833281071708
evreg1,3.relative_year_bin_aux,142.1705863685492,382.6429082514188,1078.872369472084,958.1894916684117,841.6102980521655,698.3668961433669,526.320361146791,345.6522324353734,143.0378360442581,-127.0787487788435,-284.3755511909151,0,-.1154622969267288,-31.33939930328303,-26.8288083610312,-63.49556950387185,-73.69776867898501,-60.59582174183999,-85.06944501005438,-68.20666878366539,-52.33452805224452,-13.49351054388294,-104.8786491619412
evreg1,4.relative_year_bin_aux,137.0225010895442,382.6429082514188,887.9687342825582,790.5410152016647,698.3668961433669,586.8217463758913,447.063462285462,295.9281178183602,123.5328964132133,-105.3531367390142,-234.6682099894379,0,-.1683787056883963,-25.83071296803957,-25.94453316012337,-54.3956542873261,-62.0230505657661,-52.58389692735388,-70.23038767601292,-55.42471775483835,-42.50000498743317,-12.23405200335062,-86.22047432265431
evreg1,5.relative_year_bin_aux,119.5333179888007,382.6429082514188,664.479471661716,592.7115277897166,526.320361146791,447.063462285462,346.1687923324658,232.1591283518115,98.27106931000745,-80.88028455352801,-178.3716704584777,0,-.1509535295700658,-18.84289350472966,-19.89411347857569,-40.24485238150075,-45.08937944221939,-38.48898229007374,-50.54308611944567,-40.38402663102468,-31.75390534374818,-9.452363163753787,-64.67490922009789
evreg1,6.relative_year_bin_aux,93.90320801879038,382.6429082514188,433.0220454426598,386.595969648685,345.6522324353734,295.9281178183602,232.1591283518115,159.7388705760477,68.91699486227833,-54.55387051492281,-120.68745260603,0,-.1122193266906455,-11.60976972962799,-11.02252817808167,-23.85076388577682,-27.18614837746022,-23.04054973998304,-29.84542290821863,-25.3906571769515,-20.1387255604399,-7.06106736447457,-41.40117228169743
evreg1,7.relative_year_bin_aux,32.12385733427404,382.6429082514188,179.017751071825,159.5675643054788,143.0378360442581,123.5328964132133,98.27106931000745,68.91699486227833,31.87452366412586,-25.66117201828497,-52.25125722758451,0,.0060249294136722,-8.131104360398247,-3.230546600286462,-9.848101067960879,-11.22907504827001,-9.069716035351409,-11.83799427127262,-9.971872848674113,-10.08757730691596,-1.967238835293344,-20.48191931467412
evreg1,9.relative_year_bin_aux,-4.890842714781158,382.6429082514188,-162.6683368818828,-144.293653025501,-127.0787487788435,-105.3531367390142,-80.88028455352801,-54.55387051492281,-25.66117201828497,28.08908938974495,56.68552185202281,0,-.157709444846384,8.798238930648148,2.332422843875643,9.593910837762282,11.49110804317245,7.518697714936291,11.69084139616939,9.173287741568865,11.94248601033338,-.1291767404634719,24.23166815669584
evreg1,10.relative_year_bin_aux,-45.22935837107941,382.6429082514188,-361.0951132700636,-321.4920343019982,-284.3755511909151,-234.6682099894379,-178.3716704584777,-120.68745260603,-52.25125722758451,56.68552185202281,128.4142646826895,0,-.2112244873842288,9.667409693386984,7.825305063922066,19.37326212804343,24.99946828478808,17.55613776704869,26.52684331661964,21.86811623535576,23.15876724672653,4.532527092056797,47.93724246899575
evreg1,1o.treat,0,382.6429082514188,0,0,0,0,0,0,0,0,0,0,0,0,0,0,0,0,0,0,0,0,0
evreg1,wind_direction,-1.141002599631968,382.6429082514188,-.117144065704562,-.108233991049709,-.1154622969267288,-.1683787056883963,-.1509535295700658,-.1122193266906455,.0060249294136722,-.157709444846384,-.2112244873842288,0,.0077647753591634,-.1798903120268829,.1084663224143109,.0626713122376802,.0343682507922326,.0875453683728673,.0205762118200465,.0061513041861339,-.1206366666503483,.0978808252606738,-.1879739583076905
evreg1,av_wind_speed,55.41002295630379,382.6429082514188,-44.17892440920077,-39.223709016847,-31.33939930328303,-25.83071296803957,-18.84289350472966,-11.60976972962799,-8.131104360398247,8.798238930648148,9.667409693386984,0,-.1798903120268829,41.08736232173732,-3.38146249389997,1.943378788122551,5.957779437521038,2.478449255068596,7.081690527508133,8.657542836365421,7.410311742376718,-2.636208119170066,6.01967447044422
evreg1,1bn.relative_year_bin_aux#1.treat,25.08504581544546,382.6429082514188,-27.09656648141194,-31.56173333584846,-26.8288083610312,-25.94453316012337,-19.89411347857569,-11.02252817808167,-3.230546600286462,2.332422843875643,7.825305063922066,0,.1084663224143109,-3.38146249389997,252.8360031104509,200.1771673506686,209.7452442161008,187.3952228290003,147.1703638744764,69.47198541540617,41.48859267382742,59.52016590274305,115.4100562572984
evreg1,2.relative_year_bin_aux#1.treat,32.8454780253447,382.6429082514188,-80.70883445109398,-76.28795842406061,-63.49556950387185,-54.3956542873261,-40.24485238150075,-23.85076388577682,-9.848101067960879,9.593910837762282,19.37326212804343,0,.0626713122376802,1.943378788122551,200.1771673506686,206.1805085385152,195.3059824965266,174.5469466607227,134.7372445274251,67.62043334170825,33.92007332092374,61.14452629482201,117.3183935438052
evreg1,3.relative_year_bin_aux#1.treat,38.0274361177717,382.6429082514188,-94.13141636683817,-88.32168015892253,-73.69776867898501,-62.0230505657661,-45.08937944221939,-27.18614837746022,-11.22907504827001,11.49110804317245,24.99946828478808,0,.0343682507922326,5.957779437521038,209.7452442161008,195.3059824965266,225.1227689460902,178.8934884863309,164.7034122715425,90.81614885442369,65.69891943936207,63.38730607957551,161.7388048118307
evreg1,4.relative_year_bin_aux#1.treat,29.93586635157442,382.6429082514188,-76.90370896685324,-72.92724476006359,-60.59582174183999,-52.58389692735388,-38.48898229007374,-23.04054973998304,-9.069716035351409,7.518697714936291,17.55613776704869,0,.0875453683728673,2.478449255068596,187.3952228290003,174.5469466607227,178.8934884863309,183.7296085272432,138.6590770416001,69.52793047908845,39.73883879997986,67.518146018899,124.8036132103577
evreg1,5.relative_year_bin_aux#1.treat,45.49015091505745,382.6429082514188,-114.1206190061442,-103.2470982084445,-85.06944501005438,-70.23038767601292,-50.54308611944567,-29.84542290821863,-11.83799427127262,11.69084139616939,26.52684331661964,0,.0205762118200465,7.081690527508133,147.1703638744764,134.7372445274251,164.7034122715425,138.6590770416001,173.0559832048858,93.4230964462343,79.87199712221718,57.6468188701534,171.8408790979637
evreg1,6.relative_year_bin_aux#1.treat,14.74902284799204,382.6429082514188,-92.49751892098118,-81.93015337881175,-68.20666878366539,-55.42471775483835,-40.38402663102468,-25.3906571769515,-9.971872848674113,9.173287741568865,21.86811623535576,0,.0061513041861339,8.657542836365421,69.47198541540617,67.62043334170825,90.81614885442369,69.52793047908845,93.4230964462343,89.02486840417423,61.75271692289311,28.23083176923676,85.33644221578697
evreg1,7.relative_year_bin_aux#1.treat,31.03891613470697,382.6429082514188,-71.92196874038466,-63.02830138638201,-52.33452805224452,-42.50000498743317,-31.75390534374818,-20.1387255604399,-10.08757730691596,11.94248601033338,23.15876724672653,0,-.1206366666503483,7.410311742376718,41.48859267382742,33.92007332092374,65.69891943936207,39.73883879997986,79.87199712221718,61.75271692289311,89.51869421268094,13.23089362222597,107.8567511960584
evreg1,9.relative_year_bin_aux#1.treat,32.56517870604205,382.6429082514188,-15.97325108871899,-15.091221218037,-13.49351054388294,-12.23405200335062,-9.452363163753787,-7.06106736447457,-1.967238835293344,-.1291767404634719,4.532527092056797,0,.0978808252606738,-2.636208119170066,59.52016590274305,61.14452629482201,63.38730607957551,67.518146018899,57.6468188701534,28.23083176923676,13.23089362222597,70.60709797426048,86.26640318554973
evreg1,10.relative_year_bin_aux#1.treat,79.38577821812001,382.6429082514188,-142.5262190739988,-124.8833281071708,-104.8786491619412,-86.22047432265431,-64.67490922009789,-41.40117228169743,-20.48191931467412,24.23166815669584,47.93724246899575,0,-.1879739583076905,6.01967447044422,115.4100562572984,117.3183935438052,161.7388048118307,124.8036132103577,171.8408790979637,85.33644221578697,107.8567511960584,86.26640318554973,337.4110887799557
evreg2,1bn.relative_year_bin_aux,160.2821841947461,382.6429082514188,1401.858298218671,1238.62492046649,1078.873726714291,887.9698557899234,664.4803087711676,433.0225909565843,179.0179803524834,-162.6684780623897,-361.0954019840751,0,-.117144232196808,-44.17897787200619,-27.0960983470258,-80.70840094097741,-94.13054770555402,-76.90327530824918,-114.1202298765,-92.49714042430666,-71.92153807652551,-15.97274663864301,-142.525903674281
evreg2,2.relative_year_bin_aux,144.6359351827406,382.6429082514188,1238.62492046649,1097.721044028894,958.1907011454261,790.5420168196639,592.712276711325,386.5964578579036,159.5677691255741,-144.2937792130475,-321.4922934883697,0,-.1082341427902288,-39.22375691166881,-31.56132688269348,-76.28758123225013,-88.32092107849829,-72.92686797865386,-103.2467558682034,-81.92981661703281,-63.02791940197261,-15.09077584665795,-124.8830474368408
evreg2,3.relative_year_bin_aux,142.1705863832986,382.6429082514188,1078.873726714291,958.1907011454261,841.6113565214795,698.3677777548985,526.3210235292808,345.6526669220448,143.038018554574,-127.0788578747912,-284.3757761857625,0,-.1154624635779034,-31.33943903431992,-26.82845705637658,-63.49523739316686,-73.69710181058979,-60.59548892275727,-85.06914128105385,-68.20637377923643,-52.33419113247586,-13.49312165382413,-104.8784004928486
evreg2,4.relative_year_bin_aux,137.0225011008919,382.6429082514188,887.9698557899234,790.5420168196639,698.3677777548985,586.8224891709924,447.0640255988169,295.9284898607563,123.5330536516056,-105.3532252772553,-234.6683904370415,0,-.1683789292954421,-25.83074601652991,-25.94424537778529,-54.39537908236348,-62.02249370519146,-52.58361991852937,-70.23013325976858,-55.42447209052084,-42.49972352022763,-12.2337268674737,-86.2202665197978
evreg2,5.relative_year_bin_aux,119.5333179968613,382.6429082514188,664.4803087711676,592.712276711325,526.3210235292808,447.0640255988169,346.1692253030586,232.1594179389001,98.27119296753881,-80.88034937521532,-178.3718001854571,0,-.1509537353506886,-18.84291729505871,-19.89389415664407,-40.24463965492591,-45.08894954912697,-38.48876696414528,-50.54288682789323,-40.38383664968016,-31.753688170388,-9.452113330481721,-64.67474823229486
evreg2,6.relative_year_bin_aux,93.90320802323599,382.6429082514188,433.0225909565843,386.5964578579036,345.6526669220448,295.9284898607563,232.1594179389001,159.7390690909348,68.91708111990189,-54.5539151866711,-120.6875429974383,0,-.1122194784488759,-11.60978399637041,-11.02238728178727,-23.85062441968339,-27.18586495278947,-23.04040662452824,-29.84529224439038,-25.39053736808403,-20.13858601728113,-7.060905461850467,-41.40106899380817
evreg2,7.relative_year_bin_aux,32.12385733762979,382.6429082514188,179.0179803524834,159.5677691255741,143.038018554574,123.5330536516056,98.27119296753881,68.91708111990189,31.87456375223637,-25.6611936403886,-52.2512956019244,0,.0060249330446405,-8.131113879198766,-3.230480835712974,-9.848037887803022,-11.2289484486714,-9.069650227671044,-11.83793409696479,-9.971817209504746,-10.08751656165042,-1.967164259376679,-20.4818753971078
evreg2,9.relative_year_bin_aux,-4.890842712809531,382.6429082514188,-162.6684780623897,-144.2937792130475,-127.0788578747912,-105.3532252772553,-80.88034937521532,-54.5539151866711,-25.6611936403886,28.08910109698031,56.68554098379948,0,-.1577095664292444,8.798246547439335,2.33234679680253,9.5938378134583,11.4909777457154,7.518629748134542,11.69076608946751,9.173208681705885,11.94240744086766,-.1292532302068145,24.23160697966643
evreg2,10.relative_year_bin_aux,-45.22935836575265,382.6429082514188,-361.0954019840751,-321.4922934883697,-284.3757761857625,-234.6683904370415,-178.3718001854571,-120.6875429974383,-52.2512956019244,56.68554098379948,128.4143131969659,0,-.2112245703014765,9.667413624260748,7.825158887146072,19.37311347564846,24.99920263447773,17.55600422375995,26.52669259430243,21.86795977836386,23.15860287839951,4.53238120442216,47.9371129326627
evreg2,1o.treat,0,382.6429082514188,0,0,0,0,0,0,0,0,0,0,0,0,0,0,0,0,0,0,0,0,0
evreg2,wind_direction,-1.141002599632691,382.6429082514188,-.117144232196808,-.1082341427902288,-.1154624635779034,-.1683789292954421,-.1509537353506886,-.1122194784488759,.0060249330446405,-.1577095664292444,-.2112245703014765,0,.0077647846561068,-.1798905343760037,.1084671990206357,.0626719631944367,.0343688342196334,.0875458708189854,.0205768664391037,.006152073103312,-.1206362269370232,.0978813450244467,-.187973641170197
evreg2,av_wind_speed,55.41002295603686,382.6429082514188,-44.17897787200619,-39.22375691166881,-31.33943903431992,-25.83074601652991,-18.84291729505871,-11.60978399637041,-8.131113879198766,8.798246547439335,9.667413624260748,0,-.1798905343760037,41.08741418480066,-3.381487293677499,1.943368310740998,5.957783222676685,2.47844309992166,7.081682029399519,8.657535229216265,7.410310170038668,-2.636219003548042,6.019669877481416
evreg2,1bn.relative_year_bin_aux#1.treat,25.08504581468087,382.6429082514188,-27.0960983470258,-31.56132688269348,-26.82845705637658,-25.94424537778529,-19.89389415664407,-11.02238728178727,-3.230480835712974,2.33234679680253,7.825158887146072,0,.1084671990206357,-3.381487293677499,252.8362726436056,200.1773519815513,209.7454253112953,187.3954031189411,147.1704857952152,69.47202502947876,41.48858551427126,59.52024084882658,115.4101093244872
evreg2,2.relative_year_bin_aux#1.treat,32.84547802539565,382.6429082514188,-80.70840094097741,-76.28758123225013,-63.49523739316686,-54.39537908236348,-40.24463965492591,-23.85062441968339,-9.848037887803022,9.5938378134583,19.37311347564846,0,.0626719631944367,1.943368310740998,200.1773519815513,206.1806710145533,195.3060893739147,174.5470824406702,134.7373177223648,67.6204386618129,33.92002222988672,61.14456840863986,117.3184096518536
evreg2,3.relative_year_bin_aux#1.treat,38.02743611868906,382.6429082514188,-94.13054770555402,-88.32092107849829,-73.69710181058979,-62.02249370519146,-45.08894954912697,-27.18586495278947,-11.2289484486714,11.4909777457154,24.99920263447773,0,.0343688342196334,5.957783222676685,209.7454253112953,195.3060893739147,225.1228591079547,178.8935908022283,164.7034563045032,90.81613840960537,65.69884607557856,63.38734521530568,161.7387703236544
evreg2,4.relative_year_bin_aux#1.treat,29.93586635154541,382.6429082514188,-76.90327530824918,-72.92686797865386,-60.59548892275727,-52.58361991852937,-38.48876696414528,-23.04040662452824,-9.069650227671044,7.518629748134542,17.55600422375995,0,.0875458708189854,2.47844309992166,187.3954031189411,174.5470824406702,178.8935908022283,183.7297621684178,138.659158540005,69.52794863400594,39.73879909487061,67.51820482916224,124.8036308345818
evreg2,5.relative_year_bin_aux#1.treat,45.49015091484396,382.6429082514188,-114.1202298765,-103.2467558682034,-85.06914128105385,-70.23013325976858,-50.54288682789323,-29.84529224439038,-11.83793409696479,11.69076608946751,26.52669259430243,0,.0205768664391037,7.081682029399519,147.1704857952152,134.7373177223648,164.7034563045032,138.659158540005,173.0560974128887,93.42313760535539,79.87199524263222,57.64685004155487,171.8409553224617
evreg2,6.relative_year_bin_aux#1.treat,14.7490228484022,382.6429082514188,-92.49714042430666,-81.92981661703281,-68.20637377923643,-55.42447209052084,-40.38383664968016,-25.39053736808403,-9.971817209504746,9.173208681705885,21.86795977836386,0,.006152073103312,8.657535229216265,69.47202502947876,67.6204386618129,90.81613840960537,69.52794863400594,93.42313760535539,89.02492280096641,61.75271495574422,28.23084878450715,85.33644887051497
evreg2,7.relative_year_bin_aux#1.treat,31.03891613416601,382.6429082514188,-71.92153807652551,-63.02791940197261,-52.33419113247586,-42.49972352022763,-31.753688170388,-20.13858601728113,-10.08751656165042,11.94240744086766,23.15860287839951,0,-.1206362269370232,7.410310170038668,41.48858551427126,33.92002222988672,65.69884607557856,39.73879909487061,79.87199524263222,61.75271495574422,89.51870505532011,13.23086470669183,107.8567565249857
evreg2,9.relative_year_bin_aux#1.treat,32.56517870610016,382.6429082514188,-15.97274663864301,-15.09077584665795,-13.49312165382413,-12.2337268674737,-9.452113330481721,-7.060905461850467,-1.967164259376679,-.1292532302068145,4.53238120442216,0,.0978813450244467,-2.636219003548042,59.52024084882658,61.14456840863986,63.38734521530568,67.51820482916224,57.64685004155487,28.23084878450715,13.23086470669183,70.60720574069418,86.26642258570503
evreg2,10.relative_year_bin_aux#1.treat,79.38577821738328,382.6429082514188,-142.525903674281,-124.8830474368408,-104.8784004928486,-86.2202665197978,-64.67474823229486,-41.40106899380817,-20.4818753971078,24.23160697966643,47.9371129326627,0,-.187973641170197,6.019669877481416,115.4101093244872,117.3184096518536,161.7387703236544,124.8036308345818,171.8409553224617,85.33644887051497,107.8567565249857,86.26642258570503,337.4113385831608
evreg3,1bno.relative_year_bin_aux,0,382.6429082514188,0,0,0,0,0,0,0,0,0,0,0,0,0,0,0,0,0,0,0,0,0
evreg3,2o.relative_year_bin_aux,0,382.6429082514188,0,0,0,0,0,0,0,0,0,0,0,0,0,0,0,0,0,0,0,0,0
evreg3,3o.relative_year_bin_aux,0,382.6429082514188,0,0,0,0,0,0,0,0,0,0,0,0,0,0,0,0,0,0,0,0,0
evreg3,4o.relative_year_bin_aux,0,382.6429082514188,0,0,0,0,0,0,0,0,0,0,0,0,0,0,0,0,0,0,0,0,0
evreg3,5o.relative_year_bin_aux,0,382.6429082514188,0,0,0,0,0,0,0,0,0,0,0,0,0,0,0,0,0,0,0,0,0
evreg3,6o.relative_year_bin_aux,0,382.6429082514188,0,0,0,0,0,0,0,0,0,0,0,0,0,0,0,0,0,0,0,0,0
evreg3,7o.relative_year_bin_aux,0,382.6429082514188,0,0,0,0,0,0,0,0,0,0,0,0,0,0,0,0,0,0,0,0,0
evreg3,9o.relative_year_bin_aux,0,382.6429082514188,0,0,0,0,0,0,0,0,0,0,0,0,0,0,0,0,0,0,0,0,0
evreg3,10o.relative_year_bin_aux,0,382.6429082514188,0,0,0,0,0,0,0,0,0,0,0,0,0,0,0,0,0,0,0,0,0
evreg3,1o.treat,0,382.6429082514188,0,0,0,0,0,0,0,0,0,0,0,0,0,0,0,0,0,0,0,0,0
evreg3,wind_direction,-.598508858597529,382.6429082514188,0,0,0,0,0,0,0,0,0,0,.0061621002218098,-.8749963934138916,.0529809204922212,.0981276589661286,.047723519725198,.0514203092247129,.0351931655104959,-.0092071492356985,-.0452100507048501,.0265624704536758,-.0793144094810502
evreg3,av_wind_speed,141.8372289065125,382.6429082514188,0,0,0,0,0,0,0,0,0,0,-.8749963934138916,307.1514381690763,-24.16967352400345,-26.06911738887754,-17.16376092939086,-22.08196036783659,-12.40791879284121,.3956245155611269,13.3031798870167,-11.13325545116183,25.14287376234613
evreg3,1bn.relative_year_bin_aux#1.treat,18.21499323768223,382.6429082514188,0,0,0,0,0,0,0,0,0,0,.0529809204922212,-24.16967352400345,241.9082272437689,187.4748372853794,202.2453882820367,162.0111328745867,156.8594900776596,82.97641194350248,52.55656321220059,48.62976626582295,111.8214761198744
evreg3,2.relative_year_bin_aux#1.treat,10.77442036713703,382.6429082514188,0,0,0,0,0,0,0,0,0,0,.0981276589661286,-26.06911738887754,187.4748372853794,177.9650693829906,163.9644398026632,141.0148448953198,118.563622155158,62.67276784606993,27.47901315301058,35.69335593596728,55.97121821086449
evreg3,3.relative_year_bin_aux#1.treat,11.90670005503833,382.6429082514188,0,0,0,0,0,0,0,0,0,0,.047723519725198,-17.16376092939086,202.2453882820367,163.9644398026632,192.3849205884807,136.4157163304095,145.2395651371007,80.88678908815982,55.87219491427985,44.32231492806283,108.03569521725
evreg3,4.relative_year_bin_aux#1.treat,31.31701917146457,382.6429082514188,0,0,0,0,0,0,0,0,0,0,.0514203092247129,-22.08196036783659,162.0111328745867,141.0148448953198,136.4157163304095,138.0048842412148,106.59228781611,50.79112450991551,24.87680174418123,45.30087734198102,68.15655625222402
evreg3,5.relative_year_bin_aux#1.treat,22.07653808778466,382.6429082514188,0,0,0,0,0,0,0,0,0,0,.0351931655104959,-12.40791879284121,156.8594900776596,118.563622155158,145.2395651371007,106.59228781611,147.8623309467579,69.82404349654307,61.82615505636042,51.09138525270269,133.3071592372243
evreg3,6.relative_year_bin_aux#1.treat,-26.57178027793847,382.6429082514188,0,0,0,0,0,0,0,0,0,0,-.0092071492356985,.3956245155611269,82.97641194350248,62.67276784606993,80.88678908815982,50.79112450991551,69.82404349654307,63.16750088487483,44.9550924445005,17.20025079930178,52.60422049234486
evreg3,7.relative_year_bin_aux#1.treat,-18.55380813584543,382.6429082514188,0,0,0,0,0,0,0,0,0,0,-.0452100507048501,13.3031798870167,52.55656321220059,27.47901315301058,55.87219491427985,24.87680174418123,61.82615505636042,44.9550924445005,66.55418734990215,14.30549414233477,70.354609782425
evreg3,9.relative_year_bin_aux#1.treat,46.40488201063723,382.6429082514188,0,0,0,0,0,0,0,0,0,0,.0265624704536758,-11.13325545116183,48.62976626582295,35.69335593596728,44.32231492806283,45.30087734198102,51.09138525270269,17.20025079930178,14.30549414233477,68.86880153146832,94.73725592035413
evreg3,10.relative_year_bin_aux#1.treat,43.33119905427166,382.6429082514188,0,0,0,0,0,0,0,0,0,0,-.0793144094810502,25.14287376234613,111.8214761198744,55.97121821086449,108.03569521725,68.15655625222402,133.3071592372243,52.60422049234486,70.354609782425,94.73725592035413,269.0533652175056
evreg4,1bno.relative_year_bin_aux,0,382.6429082514188,0,0,0,0,0,0,0,0,0,0,0,0,0,0,0,0,0,0,0,0,0
evreg4,2o.relative_year_bin_aux,0,382.6429082514188,0,0,0,0,0,0,0,0,0,0,0,0,0,0,0,0,0,0,0,0,0
evreg4,3o.relative_year_bin_aux,0,382.6429082514188,0,0,0,0,0,0,0,0,0,0,0,0,0,0,0,0,0,0,0,0,0
evreg4,4o.relative_year_bin_aux,0,382.6429082514188,0,0,0,0,0,0,0,0,0,0,0,0,0,0,0,0,0,0,0,0,0
evreg4,5o.relative_year_bin_aux,0,382.6429082514188,0,0,0,0,0,0,0,0,0,0,0,0,0,0,0,0,0,0,0,0,0
evreg4,6o.relative_year_bin_aux,0,382.6429082514188,0,0,0,0,0,0,0,0,0,0,0,0,0,0,0,0,0,0,0,0,0
evreg4,7o.relative_year_bin_aux,0,382.6429082514188,0,0,0,0,0,0,0,0,0,0,0,0,0,0,0,0,0,0,0,0,0
evreg4,9o.relative_year_bin_aux,0,382.6429082514188,0,0,0,0,0,0,0,0,0,0,0,0,0,0,0,0,0,0,0,0,0
evreg4,10o.relative_year_bin_aux,0,382.6429082514188,0,0,0,0,0,0,0,0,0,0,0,0,0,0,0,0,0,0,0,0,0
evreg4,1o.treat,0,382.6429082514188,0,0,0,0,0,0,0,0,0,0,0,0,0,0,0,0,0,0,0,0,0
evreg4,wind_direction,-.5808069922126496,382.6429082514188,0,0,0,0,0,0,0,0,0,0,.005835123842986,-.8335709725606112,-.0039319843776269,.0747229696658486,.0530574391310374,.0574990976195651,-.0025141159469262,-.0405142020396178,-.0479179964463673,.0185566032373772,-.170788282922554
evreg4,av_wind_speed,141.4799240077472,382.6429082514188,0,0,0,0,0,0,0,0,0,0,-.8335709725606112,304.6162356648912,1.12641140385329,-14.42473464062354,-14.53041800449972,-16.1885970437337,4.54709518780363,13.0979270784811,14.53890945663708,-2.252123625560462,66.95914160695857
evreg4,1bn.relative_year_bin_aux#1.treat,52.92740257587197,382.6429082514188,0,0,0,0,0,0,0,0,0,0,-.0039319843776269,1.12641140385329,244.8282392057095,193.2187805862601,209.9855415323956,174.9235981062283,157.213244054866,82.07022614634849,52.20898618481699,59.32122254736777,152.7278459560153
evreg4,2.relative_year_bin_aux#1.treat,25.20107384050286,382.6429082514188,0,0,0,0,0,0,0,0,0,0,.0747229696658486,-14.42473464062354,193.2187805862601,188.8333349448506,180.9970583920088,160.2221586785439,119.8836752948374,58.85850655302798,26.21312094432946,44.25461196448913,84.32067149117266
evreg4,3.relative_year_bin_aux#1.treat,8.270677118025631,382.6429082514188,0,0,0,0,0,0,0,0,0,0,.0530574391310374,-14.53041800449972,209.9855415323956,180.9970583920088,222.8016099463345,166.3372375801193,139.9765100159391,72.57786788404641,52.13546147148487,49.45554439815615,113.5564850441093
evreg4,4.relative_year_bin_aux#1.treat,23.01958924727383,382.6429082514188,0,0,0,0,0,0,0,0,0,0,.0574990976195651,-16.1885970437337,174.9235981062283,160.2221586785439,166.3372375801193,168.741099989447,110.3576035843232,48.62828470061686,23.55178395584348,53.2706641968118,79.58459738791312
evreg4,5.relative_year_bin_aux#1.treat,49.6602047985302,382.6429082514188,0,0,0,0,0,0,0,0,0,0,-.0025141159469262,4.54709518780363,157.213244054866,119.8836752948374,139.9765100159391,110.3576035843232,149.0529644512716,75.86611696190153,60.36453897895362,54.0127837539782,151.6755164159406
evreg4,6.relative_year_bin_aux#1.treat,3.999583257790338,382.6429082514188,0,0,0,0,0,0,0,0,0,0,-.0405142020396178,13.0979270784811,82.07022614634849,58.85850655302798,72.57786788404641,48.62828470061686,75.86611696190153,69.3937022938063,46.67095566843062,22.59602199259608,73.19610268001783
evreg4,7.relative_year_bin_aux#1.treat,-6.747173031257212,382.6429082514188,0,0,0,0,0,0,0,0,0,0,-.0479179964463673,14.53890945663708,52.20898618481699,26.21312094432946,52.13546147148487,23.55178395584348,60.36453897895362,46.67095566843062,67.19367210951879,15.73833354891429,79.23849325374677
evreg4,9.relative_year_bin_aux#1.treat,47.14910072731961,382.6429082514188,0,0,0,0,0,0,0,0,0,0,.0185566032373772,-2.252123625560462,59.32122254736777,44.25461196448913,49.45554439815615,53.2706641968118,54.0127837539782,22.59602199259608,15.73833354891429,73.44189299042495,99.40775271047181
evreg4,10.relative_year_bin_aux#1.treat,91.77837274330238,382.6429082514188,0,0,0,0,0,0,0,0,0,0,-.170788282922554,66.95914160695857,152.7278459560153,84.32067149117266,113.5564850441093,79.58459738791312,151.6755164159406,73.19610268001783,79.23849325374677,99.40775271047181,333.278433227839
evreg5,1bno.relative_year_bin_aux,0,382.6429082514188,0,0,0,0,0,0,0,0,0,0,0,0,0,0,0,0,0,0,0,0,0
evreg5,2o.relative_year_bin_aux,0,382.6429082514188,0,0,0,0,0,0,0,0,0,0,0,0,0,0,0,0,0,0,0,0,0
evreg5,3o.relative_year_bin_aux,0,382.6429082514188,0,0,0,0,0,0,0,0,0,0,0,0,0,0,0,0,0,0,0,0,0
evreg5,4o.relative_year_bin_aux,0,382.6429082514188,0,0,0,0,0,0,0,0,0,0,0,0,0,0,0,0,0,0,0,0,0
evreg5,5o.relative_year_bin_aux,0,382.6429082514188,0,0,0,0,0,0,0,0,0,0,0,0,0,0,0,0,0,0,0,0,0
evreg5,6o.relative_year_bin_aux,0,382.6429082514188,0,0,0,0,0,0,0,0,0,0,0,0,0,0,0,0,0,0,0,0,0
evreg5,7o.relative_year_bin_aux,0,382.6429082514188,0,0,0,0,0,0,0,0,0,0,0,0,0,0,0,0,0,0,0,0,0
evreg5,9o.relative_year_bin_aux,0,382.6429082514188,0,0,0,0,0,0,0,0,0,0,0,0,0,0,0,0,0,0,0,0,0
evreg5,10o.relative_year_bin_aux,0,382.6429082514188,0,0,0,0,0,0,0,0,0,0,0,0,0,0,0,0,0,0,0,0,0
evreg5,1o.treat,0,382.6429082514188,0,0,0,0,0,0,0,0,0,0,0,0,0,0,0,0,0,0,0,0,0
evreg5,wind_direction,-.6514769153805373,382.6429082514188,0,0,0,0,0,0,0,0,0,0,.0069091108222299,-.9344899702063723,.0122668066347339,.0339836905566005,-.0065367173223988,-.0014183330875073,-.0631364181237328,-.094248304609807,-.1313717048502184,.0309437796648671,-.1459805128832291
evreg5,av_wind_speed,143.1368647037051,382.6429082514188,0,0,0,0,0,0,0,0,0,0,-.9344899702063723,307.9337428595287,-20.92109191168811,-7.96792976527844,-2.542742048272395,-15.22838381003647,1.214207760441237,15.43187008836141,30.85459068479347,-13.21362539193277,48.64998730868145
evreg5,1bn.relative_year_bin_aux#1.treat,24.61602418613673,382.6429082514188,0,0,0,0,0,0,0,0,0,0,.0122668066347339,-20.92109191168811,251.2343034574592,203.2304000803282,210.2730042869594,186.3640507292802,146.8949752864322,69.02419178745453,39.63695560400631,55.59184550561191,116.0756262361481
evreg5,2.relative_year_bin_aux#1.treat,33.44379966855895,382.6429082514188,0,0,0,0,0,0,0,0,0,0,.0339836905566005,-7.96792976527844,203.2304000803282,205.4438572666388,192.1323939449603,172.4710456800247,131.3758966260695,64.71893157920648,30.25593069222059,58.57655619771121,107.6586937160541
evreg5,3.relative_year_bin_aux#1.treat,39.3017128198715,382.6429082514188,0,0,0,0,0,0,0,0,0,0,-.0065367173223988,-2.542742048272395,210.2730042869594,192.1323939449603,218.2776954491368,173.7868128939408,157.459048717578,85.0593983459394,58.11243701164342,59.16545450969332,146.2834470056553
evreg5,4.relative_year_bin_aux#1.treat,28.93681784038098,382.6429082514188,0,0,0,0,0,0,0,0,0,0,-.0014183330875073,-15.22838381003647,186.3640507292802,172.4710456800247,173.7868128939408,179.7886206431036,133.3892060001115,65.99639642507015,35.12914995314921,65.17082410782656,114.3057223071753
evreg5,5.relative_year_bin_aux#1.treat,45.76075751073755,382.6429082514188,0,0,0,0,0,0,0,0,0,0,-.0631364181237328,1.214207760441237,146.8949752864322,131.3758966260695,157.459048717578,133.3892060001115,165.557728244042,87.9550045879522,72.540274397773,52.78272980899697,155.2089603366898
evreg5,6.relative_year_bin_aux#1.treat,16.26154290742346,382.6429082514188,0,0,0,0,0,0,0,0,0,0,-.094248304609807,15.43187008836141,69.02419178745453,64.71893157920648,85.0593983459394,65.99639642507015,87.9550045879522,85.03121527965335,57.14113539713941,25.49301856602218,75.44357351662623
evreg5,7.relative_year_bin_aux#1.treat,27.09387208351598,382.6429082514188,0,0,0,0,0,0,0,0,0,0,-.1313717048502184,30.85459068479347,39.63695560400631,30.25593069222059,58.11243701164342,35.12914995314921,72.540274397773,57.14113539713941,80.88517036204465,10.82172860036925,92.81724356527357
evreg5,9.relative_year_bin_aux#1.treat,30.46163645423417,382.6429082514188,0,0,0,0,0,0,0,0,0,0,.0309437796648671,-13.21362539193277,55.59184550561191,58.57655619771121,59.16545450969332,65.17082410782656,52.78272980899697,25.49301856602218,10.82172860036925,71.18586890930113,81.33676102779691
evreg5,10.relative_year_bin_aux#1.treat,79.56346075736819,382.6429082514188,0,0,0,0,0,0,0,0,0,0,-.1459805128832291,48.64998730868145,116.0756262361481,107.6586937160541,146.2834470056553,114.3057223071753,155.2089603366898,75.44357351662623,92.81724356527357,81.33676102779691,302.2350199179316
evreg6,1bno.relative_year_bin_aux,0,382.6429082514188,0,0,0,0,0,0,0,0,0,0,0,0,0,0,0,0,0,0,0,0,0
evreg6,2o.relative_year_bin_aux,0,382.6429082514188,0,0,0,0,0,0,0,0,0,0,0,0,0,0,0,0,0,0,0,0,0
evreg6,3o.relative_year_bin_aux,0,382.6429082514188,0,0,0,0,0,0,0,0,0,0,0,0,0,0,0,0,0,0,0,0,0
evreg6,4o.relative_year_bin_aux,0,382.6429082514188,0,0,0,0,0,0,0,0,0,0,0,0,0,0,0,0,0,0,0,0,0
evreg6,5o.relative_year_bin_aux,0,382.6429082514188,0,0,0,0,0,0,0,0,0,0,0,0,0,0,0,0,0,0,0,0,0
evreg6,6o.relative_year_bin_aux,0,382.6429082514188,0,0,0,0,0,0,0,0,0,0,0,0,0,0,0,0,0,0,0,0,0
evreg6,7o.relative_year_bin_aux,0,382.6429082514188,0,0,0,0,0,0,0,0,0,0,0,0,0,0,0,0,0,0,0,0,0
evreg6,9o.relative_year_bin_aux,0,382.6429082514188,0,0,0,0,0,0,0,0,0,0,0,0,0,0,0,0,0,0,0,0,0
evreg6,10o.relative_year_bin_aux,0,382.6429082514188,0,0,0,0,0,0,0,0,0,0,0,0,0,0,0,0,0,0,0,0,0
evreg6,1o.treat,0,382.6429082514188,0,0,0,0,0,0,0,0,0,0,0,0,0,0,0,0,0,0,0,0,0
evreg6,wind_direction,-.5736089416888625,382.6429082514188,0,0,0,0,0,0,0,0,0,0,.0059060537391006,-.8874499391260762,.0402901479158099,.0938257313877292,.0512683423481133,.0546122417678432,.0324365708053939,-.0066084401060121,-.0358459414339504,.0093617052175255,-.15582407532024
evreg6,av_wind_speed,152.5170590961889,382.6429082514188,0,0,0,0,0,0,0,0,0,0,-.8874499391260762,350.2056771790066,-27.19837662536298,-32.61404292778951,-26.80674095615227,-32.66204427342294,-21.16825060182737,-6.841687985605514,8.065310950338667,-4.57347104970238,59.99582384481587
evreg6,1bn.relative_year_bin_aux#1.treat,15.9627579014253,382.6429082514188,0,0,0,0,0,0,0,0,0,0,.0402901479158099,-27.19837662536298,233.9017069030962,187.6751689425151,212.3512259464495,175.1791482033256,153.3563333018052,77.4904721402238,54.66462868319428,59.4621839695636,135.6921029583688
evreg6,2.relative_year_bin_aux#1.treat,3.742824770870705,382.6429082514188,0,0,0,0,0,0,0,0,0,0,.0938257313877292,-32.61404292778951,187.6751689425151,186.3839330783165,181.4754634429267,160.7350961149696,118.9939431310377,58.40073673240436,29.70598104297512,45.8306185123842,77.59717037929124
evreg6,3.relative_year_bin_aux#1.treat,.166552548364951,382.6429082514188,0,0,0,0,0,0,0,0,0,0,.0512683423481133,-26.80674095615227,212.3512259464495,181.4754634429267,217.7169634927326,161.6800894059687,148.0358737184615,79.4694331829723,58.94937385691586,49.76276659253291,118.8448478235318
evreg6,4.relative_year_bin_aux#1.treat,17.60261277671637,382.6429082514188,0,0,0,0,0,0,0,0,0,0,.0546122417678432,-32.66204427342294,175.1791482033256,160.7350961149696,161.6800894059687,164.7964799418502,114.3079340087669,54.06801519357789,29.76064233886266,53.24158320168468,85.96696182389346
evreg6,5.relative_year_bin_aux#1.treat,18.8398481796895,382.6429082514188,0,0,0,0,0,0,0,0,0,0,.0324365708053939,-21.16825060182737,153.3563333018052,118.9939431310377,148.0358737184615,114.3079340087669,150.1428741322237,75.19862871115588,66.21252228878161,55.75162871678031,145.6336776909555
evreg6,6.relative_year_bin_aux#1.treat,-25.14949498313463,382.6429082514188,0,0,0,0,0,0,0,0,0,0,-.0066084401060121,-6.841687985605514,77.4904721402238,58.40073673240436,79.4694331829723,54.06801519357789,75.19862871115588,68.45300278356274,49.1829770145666,22.91727694108713,57.66682552999247
evreg6,7.relative_year_bin_aux#1.treat,-20.21490192489596,382.6429082514188,0,0,0,0,0,0,0,0,0,0,-.0358459414339504,8.065310950338667,54.66462868319428,29.70598104297512,58.94937385691586,29.76064233886266,66.21252228878161,49.1829770145666,69.57851128076774,15.57256252387115,74.92770251437112
evreg6,9.relative_year_bin_aux#1.treat,52.31084699191905,382.6429082514188,0,0,0,0,0,0,0,0,0,0,.0093617052175255,-4.57347104970238,59.4621839695636,45.8306185123842,49.76276659253291,53.24158320168468,55.75162871678031,22.91727694108713,15.57256252387115,72.65000697612135,106.7543598580524
evreg6,10.relative_year_bin_aux#1.treat,83.19774110122657,382.6429082514188,0,0,0,0,0,0,0,0,0,0,-.15582407532024,59.99582384481587,135.6921029583688,77.59717037929124,118.8448478235318,85.96696182389346,145.6336776909555,57.66682552999247,74.92770251437112,106.7543598580524,347.5591382945569
evreg7,1bno.relative_year_bin_aux,0,382.6429082514188,0,0,0,0,0,0,0,0,0,0,0,0,0,0,0,0,0,0,0,0,0
evreg7,2o.relative_year_bin_aux,0,382.6429082514188,0,0,0,0,0,0,0,0,0,0,0,0,0,0,0,0,0,0,0,0,0
evreg7,3o.relative_year_bin_aux,0,382.6429082514188,0,0,0,0,0,0,0,0,0,0,0,0,0,0,0,0,0,0,0,0,0
evreg7,4o.relative_year_bin_aux,0,382.6429082514188,0,0,0,0,0,0,0,0,0,0,0,0,0,0,0,0,0,0,0,0,0
evreg7,5o.relative_year_bin_aux,0,382.6429082514188,0,0,0,0,0,0,0,0,0,0,0,0,0,0,0,0,0,0,0,0,0
evreg7,6o.relative_year_bin_aux,0,382.6429082514188,0,0,0,0,0,0,0,0,0,0,0,0,0,0,0,0,0,0,0,0,0
evreg7,7o.relative_year_bin_aux,0,382.6429082514188,0,0,0,0,0,0,0,0,0,0,0,0,0,0,0,0,0,0,0,0,0
evreg7,9o.relative_year_bin_aux,0,382.6429082514188,0,0,0,0,0,0,0,0,0,0,0,0,0,0,0,0,0,0,0,0,0
evreg7,10o.relative_year_bin_aux,0,382.6429082514188,0,0,0,0,0,0,0,0,0,0,0,0,0,0,0,0,0,0,0,0,0
evreg7,1o.treat,0,382.6429082514188,0,0,0,0,0,0,0,0,0,0,0,0,0,0,0,0,0,0,0,0,0
evreg7,wind_direction,-.5821511044305179,382.6429082514188,0,0,0,0,0,0,0,0,0,0,.006013137692866,-.8822344708067053,.0651139234665147,.0277667583265983,-.007173186806223,-.0001490616189008,-.0584638119888153,-.0895350389783563,-.1322616996161752,.01553463489987,-.2176769450731658
evreg7,av_wind_speed,149.513016354359,382.6429082514188,0,0,0,0,0,0,0,0,0,0,-.8822344708067053,339.9995419416562,-43.41072851940741,-11.81345269185399,-6.531433282131824,-19.31363616862192,-3.386028579166992,12.56567402533548,30.6088539432588,-8.30374829099285,69.69888689278588
evreg7,1bn.relative_year_bin_aux#1.treat,19.09353840902358,382.6429082514188,0,0,0,0,0,0,0,0,0,0,.0651139234665147,-43.41072851940741,250.1167772719689,198.7011194720033,205.7198412041156,183.6995150260324,141.9690341879345,65.73817157730524,34.40823023129443,58.02175915793995,105.737059100661
evreg7,2.relative_year_bin_aux#1.treat,33.75224706017283,382.6429082514188,0,0,0,0,0,0,0,0,0,0,.0277667583265983,-11.81345269185399,198.7011194720033,205.9565254586163,192.6651544984293,173.0265289163687,132.1420982897299,65.32665135637573,30.88632365546057,60.14938024035326,114.1608006708433
evreg7,3.relative_year_bin_aux#1.treat,39.45874863215904,382.6429082514188,0,0,0,0,0,0,0,0,0,0,-.007173186806223,-6.531433282131824,205.7198412041156,192.6651544984293,218.7520751666535,174.2688920181991,158.1828482771845,85.62034426004033,58.75192440677051,60.58460867847732,152.6668871878536
evreg7,4.relative_year_bin_aux#1.treat,28.96396795070319,382.6429082514188,0,0,0,0,0,0,0,0,0,0,-.0001490616189008,-19.31363616862192,183.6995150260324,173.0265289163687,174.2688920181991,180.2077606961673,134.0540604331325,66.57173761064007,35.79279365309223,66.08146732861206,118.6548594238305
evreg7,5.relative_year_bin_aux#1.treat,45.84268954621376,382.6429082514188,0,0,0,0,0,0,0,0,0,0,-.0584638119888153,-3.386028579166992,141.9690341879345,132.1420982897299,158.1828482771845,134.0540604331325,166.498153824007,88.71276380523854,73.41903164115553,54.33749789818917,162.6812091140907
evreg7,6.relative_year_bin_aux#1.treat,16.40727128769364,382.6429082514188,0,0,0,0,0,0,0,0,0,0,-.0895350389783563,12.56567402533548,65.73817157730524,65.32665135637573,85.62034426004033,66.57173761064007,88.71276380523854,85.63352144142878,57.71179952333501,26.58660428483489,80.52269304686735
evreg7,7.relative_year_bin_aux#1.treat,27.14839148657243,382.6429082514188,0,0,0,0,0,0,0,0,0,0,-.1322616996161752,30.6088539432588,34.40823023129443,30.88632365546057,58.75192440677051,35.79279365309223,73.41903164115553,57.71179952333501,81.43533758252958,12.42937711660475,100.1141865254348
evreg7,9.relative_year_bin_aux#1.treat,32.41083277505155,382.6429082514188,0,0,0,0,0,0,0,0,0,0,.01553463489987,-8.30374829099285,58.02175915793995,60.14938024035326,60.58460867847732,66.08146732861206,54.33749789818917,26.58660428483489,12.42937711660475,69.88165299787708,82.34405039196393
evreg7,10.relative_year_bin_aux#1.treat,85.29089005152288,382.6429082514188,0,0,0,0,0,0,0,0,0,0,-.2176769450731658,69.69888689278588,105.737059100661,114.1608006708433,152.6668871878536,118.6548594238305,162.6812091140907,80.52269304686735,100.1141865254348,82.34405039196393,330.1112437613384
evreg8,1bno.relative_year_bin_aux,0,382.6429082514188,0,0,0,0,0,0,0,0,0,0,0,0,0,0,0,0,0,0,0,0,0
evreg8,2o.relative_year_bin_aux,0,382.6429082514188,0,0,0,0,0,0,0,0,0,0,0,0,0,0,0,0,0,0,0,0,0
evreg8,3o.relative_year_bin_aux,0,382.6429082514188,0,0,0,0,0,0,0,0,0,0,0,0,0,0,0,0,0,0,0,0,0
evreg8,4o.relative_year_bin_aux,0,382.6429082514188,0,0,0,0,0,0,0,0,0,0,0,0,0,0,0,0,0,0,0,0,0
evreg8,5o.relative_year_bin_aux,0,382.6429082514188,0,0,0,0,0,0,0,0,0,0,0,0,0,0,0,0,0,0,0,0,0
evreg8,6o.relative_year_bin_aux,0,382.6429082514188,0,0,0,0,0,0,0,0,0,0,0,0,0,0,0,0,0,0,0,0,0
evreg8,7o.relative_year_bin_aux,0,382.6429082514188,0,0,0,0,0,0,0,0,0,0,0,0,0,0,0,0,0,0,0,0,0
evreg8,9o.relative_year_bin_aux,0,382.6429082514188,0,0,0,0,0,0,0,0,0,0,0,0,0,0,0,0,0,0,0,0,0
evreg8,10o.relative_year_bin_aux,0,382.6429082514188,0,0,0,0,0,0,0,0,0,0,0,0,0,0,0,0,0,0,0,0,0
evreg8,1o.treat,0,382.6429082514188,0,0,0,0,0,0,0,0,0,0,0,0,0,0,0,0,0,0,0,0,0
evreg8,wind_direction,-.6514763425938592,382.6429082514188,0,0,0,0,0,0,0,0,0,0,.0069085449635049,-.9343947021703117,.0136149437713238,.0354476361307417,-.005366480639261,-.0003150700161359,-.0621442797096366,-.0922782709594183,-.1297315629109468,.0320658844220538,-.1447684534591981
evreg8,av_wind_speed,143.1370879331411,382.6429082514188,0,0,0,0,0,0,0,0,0,0,-.9343947021703117,307.9347939573381,-21.28398278031874,-8.364572896729205,-2.893270312337816,-15.55855697986312,.9522777882266692,14.92928197362367,30.42775850147393,-13.51515604856979,48.32462596154399
