reg,var,beta,ymean,cov1,cov2,cov3,cov4,cov5,cov6,cov7,cov8,cov9,cov10,cov11,cov12,cov13,cov14,cov15,cov16,cov17,cov18,cov19,cov20,cov21
evreg1,1bno.relative_year_bin_aux,0,382.6429082514188,0,0,0,0,0,0,0,0,0,0,0,0,0,0,0,0,0,0,0,0,0
evreg1,2o.relative_year_bin_aux,0,382.6429082514188,0,0,0,0,0,0,0,0,0,0,0,0,0,0,0,0,0,0,0,0,0
evreg1,3o.relative_year_bin_aux,0,382.6429082514188,0,0,0,0,0,0,0,0,0,0,0,0,0,0,0,0,0,0,0,0,0
evreg1,4o.relative_year_bin_aux,0,382.6429082514188,0,0,0,0,0,0,0,0,0,0,0,0,0,0,0,0,0,0,0,0,0
evreg1,5o.relative_year_bin_aux,0,382.6429082514188,0,0,0,0,0,0,0,0,0,0,0,0,0,0,0,0,0,0,0,0,0
evreg1,6o.relative_year_bin_aux,0,382.6429082514188,0,0,0,0,0,0,0,0,0,0,0,0,0,0,0,0,0,0,0,0,0
evreg1,7o.relative_year_bin_aux,0,382.6429082514188,0,0,0,0,0,0,0,0,0,0,0,0,0,0,0,0,0,0,0,0,0
evreg1,9o.relative_year_bin_aux,0,382.6429082514188,0,0,0,0,0,0,0,0,0,0,0,0,0,0,0,0,0,0,0,0,0
evreg1,10o.relative_year_bin_aux,0,382.6429082514188,0,0,0,0,0,0,0,0,0,0,0,0,0,0,0,0,0,0,0,0,0
evreg1,1o.treat,0,382.6429082514188,0,0,0,0,0,0,0,0,0,0,0,0,0,0,0,0,0,0,0,0,0
evreg1,wind_direction,-.5821510667133529,382.6429082514188,0,0,0,0,0,0,0,0,0,0,.0060131488819031,-.882235746460299,.0649291519211853,.0275682218800862,-.0073777365891089,-.0003316193630201,-.0587141280481402,-.0897124167991532,-.1324606346817903,.0153339293487539,-.2178634653393516
evreg1,av_wind_speed,149.5130192299813,382.6429082514188,0,0,0,0,0,0,0,0,0,0,-.882235746460299,339.9999900351131,-43.34303951427617,-11.74333982018578,-6.459287157181185,-19.24922482486476,-3.293496656991358,12.63062903256055,30.68119752959177,-8.231175881263995,69.76636983070669
evreg1,1bn.relative_year_bin_aux#1.treat,19.09351642539573,382.6429082514188,0,0,0,0,0,0,0,0,0,0,.0649291519211853,-43.34303951427617,250.0769909290271,198.6636618259145,205.6803502390598,183.6594751820422,141.9201648038197,65.70630438360908,34.38631850708852,57.99541646212134,105.7200463575438
evreg1,2.relative_year_bin_aux#1.treat,33.75223068707954,382.6429082514188,0,0,0,0,0,0,0,0,0,0,.0275682218800862,-11.74333982018578,198.6636618259145,205.9217822018418,192.6283688373636,172.9887828874788,132.0964762035287,65.29710709704561,30.86692534015879,60.12564311809632,114.1466843088627
evreg1,3.relative_year_bin_aux#1.treat,39.4587426103747,382.6429082514188,0,0,0,0,0,0,0,0,0,0,-.0073777365891089,-6.459287157181185,205.6803502390598,192.6283688373636,218.713387512455,174.2292341336276,158.1346450273473,85.58896466506603,58.73107216107785,60.55893466235489,152.6511392524561
evreg1,4.relative_year_bin_aux#1.treat,28.9639701013164,382.6429082514188,0,0,0,0,0,0,0,0,0,0,-.0003316193630201,-19.24922482486476,183.6594751820422,172.9887828874788,174.2292341336276,180.167472041561,134.0045334851106,66.5392047609826,35.76983670315971,66.05386272624334,118.6360986952189
evreg1,5.relative_year_bin_aux#1.treat,45.84271410827428,382.6429082514188,0,0,0,0,0,0,0,0,0,0,-.0587141280481402,-3.293496656991358,141.9201648038197,132.0964762035287,158.1346450273473,134.0045334851106,166.4396859010988,88.67509481960214,73.39555190926625,54.30786934628088,162.6631776814291
evreg1,6.relative_year_bin_aux#1.treat,16.40724355770427,382.6429082514188,0,0,0,0,0,0,0,0,0,0,-.0897124167991532,12.63062903256055,65.70630438360908,65.29710709704561,85.58896466506603,66.5392047609826,88.67509481960214,85.60951923075702,57.69742563952942,26.5675781007342,80.51181150006033
evreg1,7.relative_year_bin_aux#1.treat,27.14839555308673,382.6429082514188,0,0,0,0,0,0,0,0,0,0,-.1324606346817903,30.68119752959177,34.38631850708852,30.86692534015879,58.73107216107785,35.76983670315971,73.39555190926625,57.69742563952942,81.43294507410918,12.42302589326943,100.1158000188578
evreg1,9.relative_year_bin_aux#1.treat,32.41083679447787,382.6429082514188,0,0,0,0,0,0,0,0,0,0,.0153339293487539,-8.231175881263995,57.99541646212134,60.12564311809632,60.55893466235489,66.05386272624334,54.30786934628088,26.5675781007342,12.42302589326943,69.87218545596129,82.3425020506338
evreg1,10.relative_year_bin_aux#1.treat,85.29090425184323,382.6429082514188,0,0,0,0,0,0,0,0,0,0,-.2178634653393516,69.76636983070669,105.7200463575438,114.1466843088627,152.6511392524561,118.6360986952189,162.6631776814291,80.51181150006033,100.1158000188578,82.3425020506338,330.1145043633591
evreg2,1bn.relative_year_bin_aux,-188.3963767813171,382.6429082514188,517.4067980365869,445.1484918639786,373.4681347475391,288.6202378953744,211.226240595041,137.6608396907503,77.57412340348013,-107.2018854322946,-191.4979841481774,0,1.779103691575127,-45.32641520922298,.5510838214735108,-16.19702621894335,-28.6204560794705,-8.77206521572665,-40.46791513324936,-25.27476782416987,-55.23833464234032,9.007992766644946,-112.8224862630322
evreg2,2.relative_year_bin_aux,-153.9771395197038,382.6429082514188,445.1484918639786,387.351380645475,328.4127740062474,256.7475595889104,189.2200139417641,123.4869497299342,67.65082073333612,-91.73186510187136,-166.7566909043332,0,1.515871101881613,-40.8710118859354,-7.567878652226139,-20.93867806759403,-32.11748808819269,-14.46524340070714,-40.04183026160773,-24.28312972142518,-48.72160374947907,6.225503362188457,-99.63862284214801
evreg2,3.relative_year_bin_aux,-106.6078607332282,382.6429082514188,373.4681347475391,328.4127740062474,285.3569908060786,228.3462115980626,171.146588996057,113.779062668608,60.13704450310515,-76.97945909143289,-143.5414886312203,0,1.226593133250752,-33.36138255940272,-5.927142913108322,-17.42037740650477,-26.90271521736091,-11.87180280725457,-32.39592841894266,-20.19577028163337,-40.44659568146567,3.995753564561226,-84.8466205765213
evreg2,4.relative_year_bin_aux,-62.40927781947237,382.6429082514188,288.6202378953744,256.7475595889104,228.3462115980626,190.6375428090038,147.6392090716729,100.1345306336817,52.03741072460612,-60.19418412966991,-112.3494934925025,0,.8914000311420704,-27.84246976266235,-8.864022816210044,-17.81659660437903,-24.86313675231038,-13.84952365363879,-28.38222136668035,-17.22389544124927,-33.08450872108221,1.535043270457981,-70.92785225398043
evreg2,5.relative_year_bin_aux,-30.42732430619489,382.6429082514188,211.226240595041,189.2200139417641,171.146588996057,147.6392090716729,119.7412713558452,83.98358330997083,43.95488162047349,-46.39864308391094,-85.49972276805896,0,.6274660410366764,-20.57362055213838,-6.045974181936097,-13.0802371250777,-17.4803963578195,-9.654171465312119,-19.43170563792173,-11.93778802801379,-24.79251506629615,.5004921964654019,-54.72603126030076
evreg2,6.relative_year_bin_aux,-6.214055200888041,382.6429082514188,137.6608396907503,123.4869497299342,113.779062668608,100.1345306336817,83.98358330997083,62.76912919401116,33.59421317468058,-32.4983273542255,-60.56707687896727,0,.3890528838835506,-12.99930262516343,-.6484134477347367,-5.896758900625678,-8.914751264153828,-3.904533872121819,-9.227350596758301,-6.534114895192129,-15.54536775816484,-.7767570677458685,-36.25539299659617
evreg2,7.relative_year_bin_aux,-17.98213738708026,382.6429082514188,77.57412340348013,67.65082073333612,60.13704450310515,52.03741072460612,43.95488162047349,33.59421317468058,20.78507313365914,-21.2178608585188,-34.63815895497348,0,.2499007653021542,-8.335683559329405,2.022818450672883,-.9011846260512096,-2.104753549839212,.4912707081803832,-1.542271273617619,-.5550726540284523,-7.78762324556395,1.189511428084721,-18.05780438962808
evreg2,9.relative_year_bin_aux,45.03063334671377,382.6429082514188,-107.2018854322946,-91.73186510187136,-76.97945909143289,-60.19418412966991,-46.39864308391094,-32.4983273542255,-21.2178608585188,30.26218985618931,51.80933422582955,0,-.4141342607434167,8.434335225837025,-2.009668381575347,.4777903246922663,2.201652400147005,-2.187021186132016,1.213810074890504,-.3845519438007165,9.597566727318041,-3.657474208053683,20.59496758606201
evreg2,10.relative_year_bin_aux,49.42291094647751,382.6429082514188,-191.4979841481774,-166.7566909043332,-143.5414886312203,-112.3494934925025,-85.49972276805896,-60.56707687896727,-34.63815895497348,51.80933422582955,102.7283488140262,0,-.697409599980632,9.575700731893869,-1.251029305850736,2.13645704612351,7.400369375353601,-.7471269310226012,6.576798341679477,3.648912574282139,18.60612217358696,-1.677456281861477,42.02237739911124
evreg2,1o.treat,0,382.6429082514188,0,0,0,0,0,0,0,0,0,0,0,0,0,0,0,0,0,0,0,0,0
evreg2,wind_direction,-1.234626048903922,382.6429082514188,1.779103691575127,1.515871101881613,1.226593133250752,.8914000311420704,.6274660410366764,.3890528838835506,.2499007653021542,-.4141342607434167,-.697409599980632,0,.0093187698982526,-.1771980508807553,.0239446399222175,.0278927363447829,-.008427089880963,.040804384509322,-.0317517495042765,-.02423064783056,-.1322113447061992,.1074125482027657,-.1462554843035511
evreg2,av_wind_speed,52.65374292077291,382.6429082514188,-45.32641520922298,-40.8710118859354,-33.36138255940272,-27.84246976266235,-20.57362055213838,-12.99930262516343,-8.335683559329405,8.434335225837025,9.575700731893869,0,-.1771980508807553,41.87487172613799,-.7918881216942407,2.811961570598658,6.974225914502607,3.238134784035003,8.327116322236504,9.906801520917565,8.056338430813135,-3.243507952950422,3.983095514993563
evreg2,1bn.relative_year_bin_aux#1.treat,24.2984189643104,382.6429082514188,.5510838214735108,-7.567878652226139,-5.927142913108322,-8.864022816210044,-6.045974181936097,-.6484134477347367,2.022818450672883,-2.009668381575347,-1.251029305850736,0,.0239446399222175,-.7918881216942407,255.0174328906914,203.686199877663,213.4041425327743,189.5765999161492,150.7122999521743,71.76901910032085,44.9812979117957,56.24759835173126,119.7100438152051
evreg2,2.relative_year_bin_aux#1.treat,32.3665561437813,382.6429082514188,-16.19702621894335,-20.93867806759403,-17.42037740650477,-17.81659660437903,-13.0802371250777,-5.896758900625678,-.9011846260512096,.4777903246922663,2.13645704612351,0,.0278927363447829,2.811961570598658,203.686199877663,205.7836568796081,195.0559767530582,174.3528073355259,134.2891551246379,67.40112475166133,33.76607783628145,60.09135713110246,112.8206436394371
evreg2,3.relative_year_bin_aux#1.treat,37.75913203373167,382.6429082514188,-28.6204560794705,-32.11748808819269,-26.90271521736091,-24.86313675231038,-17.4803963578195,-8.914751264153828,-2.104753549839212,2.201652400147005,7.400369375353601,0,-.008427089880963,6.974225914502607,213.4041425327743,195.0559767530582,225.2193029785441,179.0264556045406,164.5851546806415,90.82919406084552,65.67473424711478,62.18874113471767,158.1058043474056
evreg2,4.relative_year_bin_aux#1.treat,29.88381041258923,382.6429082514188,-8.77206521572665,-14.46524340070714,-11.87180280725457,-13.84952365363879,-9.654171465312119,-3.904533872121819,.4912707081803832,-2.187021186132016,-.7471269310226012,0,.040804384509322,3.238134784035003,189.5765999161492,174.3528073355259,179.0264556045406,184.0066137615538,138.6924132460481,69.54593702413135,39.71167308411984,67.11432845110272,122.5476349029714
evreg2,5.relative_year_bin_aux#1.treat,45.31955701364529,382.6429082514188,-40.46791513324936,-40.04183026160773,-32.39592841894266,-28.38222136668035,-19.43170563792173,-9.227350596758301,-1.542271273617619,1.213810074890504,6.576798341679477,0,-.0317517495042765,8.327116322236504,150.7122999521743,134.2891551246379,164.5851546806415,138.6924132460481,172.8332452038633,93.29509872946561,79.67064804475558,56.42107185579675,167.941576339637
evreg2,6.relative_year_bin_aux#1.treat,14.48685525123181,382.6429082514188,-25.27476782416987,-24.28312972142518,-20.19577028163337,-17.22389544124927,-11.93778802801379,-6.534114895192129,-.5550726540284523,-.3845519438007165,3.648912574282139,0,-.02423064783056,9.906801520917565,71.76901910032085,67.40112475166133,90.82919406084552,69.54593702413135,93.29509872946561,88.95838396610958,61.71031990026854,27.48809076882993,82.80610543777865
evreg2,7.relative_year_bin_aux#1.treat,30.91632105514399,382.6429082514188,-55.23833464234032,-48.72160374947907,-40.44659568146567,-33.08450872108221,-24.79251506629615,-15.54536775816484,-7.78762324556395,9.597566727318041,18.60612217358696,0,-.1322113447061992,8.056338430813135,44.9812979117957,33.76607783628145,65.67473424711478,39.71167308411984,79.67064804475558,61.71031990026854,89.46663374157737,11.74123380885804,104.3808709643669
evreg2,9.relative_year_bin_aux#1.treat,32.37651715687466,382.6429082514188,9.007992766644946,6.225503362188457,3.995753564561226,1.535043270457981,.5004921964654019,-.7767570677458685,1.189511428084721,-3.657474208053683,-1.677456281861477,0,.1074125482027657,-3.243507952950422,56.24759835173126,60.09135713110246,62.18874113471767,67.11432845110272,56.42107185579675,27.48809076882993,11.74123380885804,72.67560628788989,87.41388291077133
evreg2,10.relative_year_bin_aux#1.treat,80.53065288385342,382.6429082514188,-112.8224862630322,-99.63862284214801,-84.8466205765213,-70.92785225398043,-54.72603126030076,-36.25539299659617,-18.05780438962808,20.59496758606201,42.02237739911124,0,-.1462554843035511,3.983095514993563,119.7100438152051,112.8206436394371,158.1058043474056,122.5476349029714,167.941576339637,82.80610543777865,104.3808709643669,87.41388291077133,327.1748423004399
evreg3,1bn.relative_year_bin_aux,160.282184097378,382.6429082514188,1401.857544900603,1238.624198295497,1078.873122041024,887.9692912296612,664.4798691063568,433.0223843917354,179.0179770163433,-162.6686336829409,-361.0955309280048,0,-.1171435327870214,-44.17894484501957,-27.09238393591539,-80.70501082359753,-94.12851095411764,-76.90153515195811,-114.1183029139853,-92.4945250567622,-71.91935793212592,-15.97165529891512,-142.5236748177123
evreg3,2.relative_year_bin_aux,144.6359350963108,382.6429082514188,1238.624198295497,1097.72035121135,958.1901193091569,790.5414792087872,592.7118629280494,386.5962604574316,159.5677650723863,-144.293918845433,-321.4923979835453,0,-.1082334021811505,-39.22371808184156,-31.55801585341906,-76.28456434476631,-88.31912229649403,-72.92531480058098,-103.2450227975106,-81.9274734148504,-63.02598210138073,-15.08980818728405,-124.8810575152085
evreg3,3.relative_year_bin_aux,142.1705863141924,382.6429082514188,1078.873122041024,958.1901193091569,841.610866800655,698.367324890533,526.3206795279593,345.6525027576664,143.0380225867691,-127.0789843663674,-284.3758624543973,0,-.115461844631684,-31.33938702503365,-26.82576753168203,-63.49275076170336,-73.69559914596763,-60.59423839703922,-85.06770966840804,-68.20439541301425,-52.33258312440366,-13.49232169405543,-104.8767269831781
evreg3,4.relative_year_bin_aux,137.0225010489511,382.6429082514188,887.9692912296612,790.5414792087872,698.367324890533,586.8220794433903,447.0637197563477,295.9283393865158,123.5330559581055,-105.3533228790503,-234.668434719092,0,-.168378427574655,-25.83068868618313,-25.94217607367377,-54.39344938421413,-62.0213645464216,-52.58269445154664,-70.22906664684965,-55.42290005282861,-42.49846404139056,-12.23312578503822,-86.21897825225594
evreg3,5.relative_year_bin_aux,119.5333179603625,382.6429082514188,664.4798691063568,592.7118629280494,526.3206795279593,447.0637197563477,346.1689995410047,232.1593072012551,98.27119729591686,-80.88041341204773,-178.3718137000991,0,-.1509533634433305,-18.84286962830275,-19.89248192804689,-40.24330197379012,-45.08817165645858,-38.48814531917105,-50.54215807962258,-40.38269422182302,-31.75279980562955,-9.451695031525309,-64.67385771844484
evreg3,6.relative_year_bin_aux,93.9032079992419,382.6429082514188,433.0223843917354,386.5962604574316,345.6525027576664,295.9283393865158,232.1593072012551,159.7390186566159,68.91709270324125,-54.55396672894318,-120.6875720622773,0,-.1122192150070076,-11.60976167243334,-11.02158935305463,-23.84983833571435,-27.18540116459818,-23.04007359357644,-29.84489298744932,-25.38984990474584,-20.13806239808358,-7.060662023628912,-41.40053864517933
evreg3,7.relative_year_bin_aux,32.12385732209727,382.6429082514188,179.0179770163433,159.5677650723863,143.0380225867691,123.5330559581055,98.27119729591686,68.91709270324125,31.87458221252564,-25.66122171132469,-52.25132616396481,0,.0060250945379132,-8.131113523216845,-3.230334958040603,-9.847873079876077,-11.22886905166724,-9.069635006557494,-11.83787350072341,-9.971651508935288,-10.08740973575879,-1.967140084283977,-20.48177470911483
evreg3,9.relative_year_bin_aux,-4.890842710679533,382.6429082514188,-162.6686336829409,-144.293918845433,-127.0789843663674,-105.3533228790503,-80.88041341204773,-54.55396672894318,-25.66122171132469,28.08912988182782,56.68560066558737,0,-.1577096640121786,8.798264326908713,2.33211047052574,9.593622580653188,11.49084480632269,7.518536816721424,11.690570675941,9.173002530648946,11.9422736323603,-.1293413265874976,24.23142920773758
evreg3,10.relative_year_bin_aux,-45.22935836746877,382.6429082514188,-361.0955309280048,-321.4923979835453,-284.3758624543973,-234.668434719092,-178.3718137000991,-120.6875720622773,-52.25132616396481,56.68560066558737,128.4144052009742,0,-.2112247155317416,9.667438509873307,7.824152562910581,19.37219396291048,24.99857515682827,17.55545923995581,26.52595935128421,21.86714809801869,23.15798769151567,4.53194516657997,47.93635049038498
evreg3,1o.treat,0,382.6429082514188,0,0,0,0,0,0,0,0,0,0,0,0,0,0,0,0,0,0,0,0,0
evreg3,wind_direction,-1.141002599637368,382.6429082514188,-.1171435327870214,-.1082334021811505,-.115461844631684,-.168378427574655,-.1509533634433305,-.1122192150070076,.0060250945379132,-.1577096640121786,-.2112247155317416,0,.0077647839046977,-.1798906290502141,.1084630670586843,.0626681468359505,.0343669229617968,.0875438909800848,.0205782882290628,.0061501485944652,-.1206391106732493,.0978801538954095,-.1879733060313604
evreg3,av_wind_speed,55.41002295774804,382.6429082514188,-44.17894484501957,-39.22371808184156,-31.33938702503365,-25.83068868618313,-18.84286962830275,-11.60976167243334,-8.131113523216845,8.798264326908713,9.667438509873307,0,-.1798906290502141,41.08741173184597,-3.381604838969185,1.943327877969284,5.957895959979182,2.47851560295661,7.081696430255093,8.657558001321958,7.410329573035757,-2.636133896853138,6.019582105427168
evreg3,1bn.relative_year_bin_aux#1.treat,25.08504567306064,382.6429082514188,-27.09238393591539,-31.55801585341906,-26.82576753168203,-25.94217607367377,-19.89248192804689,-11.02158935305463,-3.230334958040603,2.33211047052574,7.824152562910581,0,.1084630670586843,-3.381604838969185,252.8370403251718,200.1777655929282,209.7458598070665,187.3957738110002,147.170391834189,69.47180105954351,41.48847404375897,59.52058182161999,115.4102591543624
evreg3,2.relative_year_bin_aux#1.treat,32.84547789690727,382.6429082514188,-80.70501082359753,-76.28456434476631,-63.49275076170336,-54.39344938421413,-40.24330197379012,-23.84983833571435,-9.847873079876077,9.593622580653188,19.37219396291048,0,.0626681468359505,1.943327877969284,200.1777655929282,206.1807972078071,195.3062690096929,174.5472943653625,134.7371165559671,67.62009788141707,33.91976062095003,61.14480916976833,117.3182547474318
evreg3,3.relative_year_bin_aux#1.treat,38.02743603610516,382.6429082514188,-94.12851095411764,-88.31912229649403,-73.69559914596763,-62.0213645464216,-45.08817165645858,-27.18540116459818,-11.22886905166724,11.49084480632269,24.99857515682827,0,.0343669229617968,5.957895959979182,209.7458598070665,195.3062690096929,225.1232557993793,178.8939769433192,164.7035423820728,90.81607596665079,65.69865836989874,63.38751655903009,161.7387180867628
evreg3,4.relative_year_bin_aux#1.treat,29.93586625057733,382.6429082514188,-76.90153515195811,-72.92531480058098,-60.59423839703922,-52.58269445154664,-38.48814531917105,-23.04007359357644,-9.069635006557494,7.518536816721424,17.55545923995581,0,.0875438909800848,2.47851560295661,187.3957738110002,174.5472943653625,178.8939769433192,183.7301558959865,138.6592786170604,69.52788521118801,39.73865254999177,67.51840381713747,124.8037021601952
evreg3,5.relative_year_bin_aux#1.treat,45.49015082773732,382.6429082514188,-114.1183029139853,-103.2450227975106,-85.06770966840804,-70.22906664684965,-50.54215807962258,-29.84489298744932,-11.83787350072341,11.690570675941,26.52595935128421,0,.0205782882290628,7.081696430255093,147.170391834189,134.7371165559671,164.7035423820728,138.6592786170604,173.0561556601851,93.42291875979163,79.87165962343855,57.6469453711135,171.8409428873143
evreg3,6.relative_year_bin_aux#1.treat,14.74902270703059,382.6429082514188,-92.4945250567622,-81.9274734148504,-68.20439541301425,-55.42290005282861,-40.38269422182302,-25.38984990474584,-9.971651508935288,9.173002530648946,21.86714809801869,0,.0061501485944652,8.657558001321958,69.47180105954351,67.62009788141707,90.81607596665079,69.52788521118801,93.42291875979163,89.0244208385791,61.75220693284146,28.23074212468085,85.33611413390933
evreg3,7.relative_year_bin_aux#1.treat,31.03891602387218,382.6429082514188,-71.91935793212592,-63.02598210138073,-52.33258312440366,-42.49846404139056,-31.75279980562955,-20.13806239808358,-10.08740973575879,11.9422736323603,23.15798769151567,0,-.1206391106732493,7.410329573035757,41.48847404375897,33.91976062095003,65.69865836989874,39.73865254999177,79.87165962343855,61.75220693284146,89.51823162176618,13.23079421365639,107.8564594790757
evreg3,9.relative_year_bin_aux#1.treat,32.56517861477272,382.6429082514188,-15.97165529891512,-15.08980818728405,-13.49232169405543,-12.23312578503822,-9.451695031525309,-7.060662023628912,-1.967140084283977,-.1293413265874976,4.53194516657997,0,.0978801538954095,-2.636133896853138,59.52058182161999,61.14480916976833,63.38751655903009,67.51840381713747,57.6469453711135,28.23074212468085,13.23079421365639,70.60721265410145,86.2665043799593
evreg3,10.relative_year_bin_aux#1.treat,79.38577808213034,382.6429082514188,-142.5236748177123,-124.8810575152085,-104.8767269831781,-86.21897825225594,-64.67385771844484,-41.40053864517933,-20.48177470911483,24.23142920773758,47.93635049038498,0,-.1879733060313604,6.019582105427168,115.4102591543624,117.3182547474318,161.7387180867628,124.8037021601952,171.8409428873143,85.33611413390933,107.8564594790757,86.2665043799593,337.4113960204895
evreg4,1bno.relative_year_bin_aux,0,382.6429082514188,0,0,0,0,0,0,0,0,0,0,0,0,0,0,0,0,0,0,0,0,0
evreg4,2o.relative_year_bin_aux,0,382.6429082514188,0,0,0,0,0,0,0,0,0,0,0,0,0,0,0,0,0,0,0,0,0
evreg4,3o.relative_year_bin_aux,0,382.6429082514188,0,0,0,0,0,0,0,0,0,0,0,0,0,0,0,0,0,0,0,0,0
evreg4,4o.relative_year_bin_aux,0,382.6429082514188,0,0,0,0,0,0,0,0,0,0,0,0,0,0,0,0,0,0,0,0,0
evreg4,5o.relative_year_bin_aux,0,382.6429082514188,0,0,0,0,0,0,0,0,0,0,0,0,0,0,0,0,0,0,0,0,0
evreg4,6o.relative_year_bin_aux,0,382.6429082514188,0,0,0,0,0,0,0,0,0,0,0,0,0,0,0,0,0,0,0,0,0
evreg4,7o.relative_year_bin_aux,0,382.6429082514188,0,0,0,0,0,0,0,0,0,0,0,0,0,0,0,0,0,0,0,0,0
evreg4,9o.relative_year_bin_aux,0,382.6429082514188,0,0,0,0,0,0,0,0,0,0,0,0,0,0,0,0,0,0,0,0,0
evreg4,10o.relative_year_bin_aux,0,382.6429082514188,0,0,0,0,0,0,0,0,0,0,0,0,0,0,0,0,0,0,0,0,0
evreg4,1o.treat,0,382.6429082514188,0,0,0,0,0,0,0,0,0,0,0,0,0,0,0,0,0,0,0,0,0
evreg4,wind_direction,-.5667739900499712,382.6429082514188,0,0,0,0,0,0,0,0,0,0,.0057629080764156,-.86718682329062,-.018487541104172,.0655186910581162,.0303876859210329,.0297838704136431,-.017846054675753,-.0390733328602395,-.0369325734559475,.0110656131683365,-.1669192880485265
evreg4,av_wind_speed,151.8204220578161,382.6429082514188,0,0,0,0,0,0,0,0,0,0,-.86718682329062,347.1359461156499,-2.79870396805054,-19.54151008437066,-18.36871758587079,-19.39955092212752,1.87009059785742,9.224084968930873,11.92888515546903,-1.171215448467962,70.35375556630287
evreg4,1bn.relative_year_bin_aux#1.treat,51.85551926994118,382.6429082514188,0,0,0,0,0,0,0,0,0,0,-.018487541104172,-2.79870396805054,250.7021117990798,196.3245448574732,213.9862246264541,181.2702758978315,163.7258602385353,85.4531839442196,52.12627156311639,61.06801502745898,158.2501235946088
evreg4,2.relative_year_bin_aux#1.treat,24.11696377628769,382.6429082514188,0,0,0,0,0,0,0,0,0,0,.0655186910581162,-19.54151008437066,196.3245448574732,190.0037082849134,181.6504125636045,163.3355165508795,123.706101517496,60.82309483665014,26.10025433047443,46.11258030887154,88.89681150897748
evreg4,3.relative_year_bin_aux#1.treat,8.959666355930839,382.6429082514188,0,0,0,0,0,0,0,0,0,0,.0303876859210329,-18.36871758587079,213.9862246264541,181.6504125636045,224.6234342864427,171.2709434048464,144.8224908959551,74.67607489352221,51.40975476030463,52.24461973194165,119.5629707738226
evreg4,4.relative_year_bin_aux#1.treat,23.63249358685368,382.6429082514188,0,0,0,0,0,0,0,0,0,0,.0297838704136431,-19.39955092212752,181.2702758978315,163.3355165508795,171.2709434048464,175.7356550453475,117.304513416153,52.39592189314142,23.92021721369434,55.17456133729039,86.03596539458333
evreg4,5.relative_year_bin_aux#1.treat,48.88793018937836,382.6429082514188,0,0,0,0,0,0,0,0,0,0,-.017846054675753,1.87009059785742,163.7258602385353,123.706101517496,144.8224908959551,117.304513416153,156.2150009787244,79.70377214483571,60.6078258858609,55.38158172220869,157.6660835446494
evreg4,6.relative_year_bin_aux#1.treat,1.835709441023148,382.6429082514188,0,0,0,0,0,0,0,0,0,0,-.0390733328602395,9.224084968930873,85.4531839442196,60.82309483665014,74.67607489352221,52.39592189314142,79.70377214483571,71.25624975995262,46.35219570856889,23.80959695483785,75.69573686374744
evreg4,7.relative_year_bin_aux#1.treat,-8.948941858007579,382.6429082514188,0,0,0,0,0,0,0,0,0,0,-.0369325734559475,11.92888515546903,52.12627156311639,26.10025433047443,51.40975476030463,23.92021721369434,60.6078258858609,46.35219570856889,66.41661131103514,16.33658973078062,79.76877026813234
evreg4,9.relative_year_bin_aux#1.treat,47.22634232616459,382.6429082514188,0,0,0,0,0,0,0,0,0,0,.0110656131683365,-1.171215448467962,61.06801502745898,46.11258030887154,52.24461973194165,55.17456133729039,55.38158172220869,23.80959695483785,16.33658973078062,72.4163391518359,99.76501963087262
evreg4,10.relative_year_bin_aux#1.treat,89.2547914201177,382.6429082514188,0,0,0,0,0,0,0,0,0,0,-.1669192880485265,70.35375556630287,158.2501235946088,88.89681150897748,119.5629707738226,86.03596539458333,157.6660835446494,75.69573686374744,79.76877026813234,99.76501963087262,338.1543432452321
evreg5,1bno.relative_year_bin_aux,0,382.6429082514188,0,0,0,0,0,0,0,0,0,0,0,0,0,0,0,0,0,0,0,0,0
evreg5,2o.relative_year_bin_aux,0,382.6429082514188,0,0,0,0,0,0,0,0,0,0,0,0,0,0,0,0,0,0,0,0,0
evreg5,3o.relative_year_bin_aux,0,382.6429082514188,0,0,0,0,0,0,0,0,0,0,0,0,0,0,0,0,0,0,0,0,0
evreg5,4o.relative_year_bin_aux,0,382.6429082514188,0,0,0,0,0,0,0,0,0,0,0,0,0,0,0,0,0,0,0,0,0
evreg5,5o.relative_year_bin_aux,0,382.6429082514188,0,0,0,0,0,0,0,0,0,0,0,0,0,0,0,0,0,0,0,0,0
evreg5,6o.relative_year_bin_aux,0,382.6429082514188,0,0,0,0,0,0,0,0,0,0,0,0,0,0,0,0,0,0,0,0,0
evreg5,7o.relative_year_bin_aux,0,382.6429082514188,0,0,0,0,0,0,0,0,0,0,0,0,0,0,0,0,0,0,0,0,0
evreg5,9o.relative_year_bin_aux,0,382.6429082514188,0,0,0,0,0,0,0,0,0,0,0,0,0,0,0,0,0,0,0,0,0
evreg5,10o.relative_year_bin_aux,0,382.6429082514188,0,0,0,0,0,0,0,0,0,0,0,0,0,0,0,0,0,0,0,0,0
evreg5,1o.treat,0,382.6429082514188,0,0,0,0,0,0,0,0,0,0,0,0,0,0,0,0,0,0,0,0,0
evreg5,wind_direction,-.6514767431119872,382.6429082514188,0,0,0,0,0,0,0,0,0,0,.0069090835135636,-.9344910382935533,.012390776142253,.0340428530936861,-.0064528142052469,-.0013671392078126,-.0630926961802045,-.0941064167439442,-.1312761276690272,.0309750426126671,-.1460095112744018
evreg5,av_wind_speed,143.136956632196,382.6429082514188,0,0,0,0,0,0,0,0,0,0,-.9344910382935533,307.9367242520281,-20.95143149813289,-7.981067971835647,-2.568131246455019,-15.2467712360092,1.201750125341397,15.39617375665311,30.82897311921112,-13.22359593190413,48.64594586821381
evreg5,1bn.relative_year_bin_aux#1.treat,24.61589823581871,382.6429082514188,0,0,0,0,0,0,0,0,0,0,.012390776142253,-20.95143149813289,251.1809164109246,203.1719955512238,210.2184528730151,186.313370689139,146.8290642408541,68.96837499674245,39.58403204436912,55.57308978497174,116.0301766397108
evreg5,2.relative_year_bin_aux#1.treat,33.44383789217166,382.6429082514188,0,0,0,0,0,0,0,0,0,0,.0340428530936861,-7.981067971835647,203.1719955512238,205.3816671910675,192.0727414846546,172.4147111252785,131.3045260848962,64.65694802615151,30.19922124626098,58.55376051257849,107.6116628383915
evreg5,3.relative_year_bin_aux#1.treat,39.30174042084566,382.6429082514188,0,0,0,0,0,0,0,0,0,0,-.0064528142052469,-2.568131246455019,210.2184528730151,192.0727414846546,218.2216926152778,173.7348287691068,157.3923029998412,84.99967672119239,58.05489290971455,59.14311651068016,146.2351865906201
evreg5,4.relative_year_bin_aux#1.treat,28.93681001328604,382.6429082514188,0,0,0,0,0,0,0,0,0,0,-.0013671392078126,-15.2467712360092,186.313370689139,172.4147111252785,173.7348287691068,179.7404730924173,133.3266460457942,65.94345346214757,35.07824581015507,65.15235494705803,114.2615111429939
evreg5,5.relative_year_bin_aux#1.treat,45.76074119186129,382.6429082514188,0,0,0,0,0,0,0,0,0,0,-.0630926961802045,1.201750125341397,146.8290642408541,131.3045260848962,157.3923029998412,133.3266460457942,165.4775994432189,87.88422912967407,72.47484621848949,52.75606739029967,155.1540751808939
evreg5,6.relative_year_bin_aux#1.treat,16.26155545948881,382.6429082514188,0,0,0,0,0,0,0,0,0,0,-.0941064167439442,15.39617375665311,68.96837499674245,64.65694802615151,84.99967672119239,65.94345346214757,87.88422912967407,84.97395761496601,57.08613216949129,25.48241853627133,75.38838598244476
evreg5,7.relative_year_bin_aux#1.treat,27.09388050510189,382.6429082514188,0,0,0,0,0,0,0,0,0,0,-.1312761276690272,30.82897311921112,39.58403204436912,30.19922124626098,58.05489290971455,35.07824581015507,72.47484621848949,57.08613216949129,80.83535928384987,10.81256550569948,92.76636218734804
evreg5,9.relative_year_bin_aux#1.treat,30.46171367201997,382.6429082514188,0,0,0,0,0,0,0,0,0,0,.0309750426126671,-13.22359593190413,55.57308978497174,58.55376051257849,59.14311651068016,65.15235494705803,52.75606739029967,25.48241853627133,10.81256550569948,71.19706403053067,81.31788065020507
evreg5,10.relative_year_bin_aux#1.treat,79.56348707799398,382.6429082514188,0,0,0,0,0,0,0,0,0,0,-.1460095112744018,48.64594586821381,116.0301766397108,107.6116628383915,146.2351865906201,114.2615111429939,155.1540751808939,75.38838598244476,92.76636218734804,81.31788065020507,302.1842768817933
evreg6,1bno.relative_year_bin_aux,0,382.6429082514188,0,0,0,0,0,0,0,0,0,0,0,0,0,0,0,0,0,0,0,0,0
evreg6,2o.relative_year_bin_aux,0,382.6429082514188,0,0,0,0,0,0,0,0,0,0,0,0,0,0,0,0,0,0,0,0,0
evreg6,3o.relative_year_bin_aux,0,382.6429082514188,0,0,0,0,0,0,0,0,0,0,0,0,0,0,0,0,0,0,0,0,0
evreg6,4o.relative_year_bin_aux,0,382.6429082514188,0,0,0,0,0,0,0,0,0,0,0,0,0,0,0,0,0,0,0,0,0
evreg6,5o.relative_year_bin_aux,0,382.6429082514188,0,0,0,0,0,0,0,0,0,0,0,0,0,0,0,0,0,0,0,0,0
evreg6,6o.relative_year_bin_aux,0,382.6429082514188,0,0,0,0,0,0,0,0,0,0,0,0,0,0,0,0,0,0,0,0,0
evreg6,7o.relative_year_bin_aux,0,382.6429082514188,0,0,0,0,0,0,0,0,0,0,0,0,0,0,0,0,0,0,0,0,0
evreg6,9o.relative_year_bin_aux,0,382.6429082514188,0,0,0,0,0,0,0,0,0,0,0,0,0,0,0,0,0,0,0,0,0
evreg6,10o.relative_year_bin_aux,0,382.6429082514188,0,0,0,0,0,0,0,0,0,0,0,0,0,0,0,0,0,0,0,0,0
evreg6,1o.treat,0,382.6429082514188,0,0,0,0,0,0,0,0,0,0,0,0,0,0,0,0,0,0,0,0,0
evreg6,wind_direction,-.5821511031488716,382.6429082514188,0,0,0,0,0,0,0,0,0,0,.0060131476207133,-.8822362108342976,.0649745350190655,.0276103080437273,-.0073621908387243,-.0003311626801404,-.0586919583663063,-.0896157219138291,-.1323489959626525,.0153894887712889,-.2178439830553913
evreg6,av_wind_speed,149.5130151984888,382.6429082514188,0,0,0,0,0,0,0,0,0,0,-.8822362108342976,340.0003189001769,-43.35922176960329,-11.75727488625034,-6.462313011348161,-19.24798396242751,-3.300116888133892,12.59580121344648,30.64123002345148,-8.251400346358052,69.75914519489976
evreg6,1bn.relative_year_bin_aux#1.treat,19.09362259285782,382.6429082514188,0,0,0,0,0,0,0,0,0,0,.0649745350190655,-43.35922176960329,250.08428504983,198.6696370564433,205.6835165525001,183.662856954112,141.9257195998637,65.71786255229217,34.39560007310455,58.00222117482071,105.7217713499287
evreg6,2.relative_year_bin_aux#1.treat,33.75234436535676,382.6429082514188,0,0,0,0,0,0,0,0,0,0,.0276103080437273,-11.75727488625034,198.6696370564433,205.9271014424642,192.6312193098222,172.9918015922108,132.1012652802104,65.3075717902132,30.87487145128554,60.13149758868208,114.147801545478
evreg6,3.relative_year_bin_aux#1.treat,39.45887995649806,382.6429082514188,0,0,0,0,0,0,0,0,0,0,-.0073621908387243,-6.462313011348161,205.6835165525001,192.6312193098222,218.7135174969366,174.229354165896,158.1368270740452,85.59830325154785,58.73971878269649,60.56523671062502,152.654501103641
evreg6,4.relative_year_bin_aux#1.treat,28.96409731191408,382.6429082514188,0,0,0,0,0,0,0,0,0,0,-.0003311626801404,-19.24798396242751,183.662856954112,172.9918015922108,174.229354165896,180.16721031712,134.0067663575127,66.54953273460079,35.78020764667936,66.06039579349354,118.640898535947
evreg6,5.relative_year_bin_aux#1.treat,45.84283314341556,382.6429082514188,0,0,0,0,0,0,0,0,0,0,-.0586919583663063,-3.300116888133892,141.9257195998637,132.1012652802104,158.1368270740452,134.0067663575127,166.4434634917513,88.68605935933428,73.40564729646422,54.31600210095117,162.6671062021434
evreg6,6.relative_year_bin_aux#1.treat,16.40731561931788,382.6429082514188,0,0,0,0,0,0,0,0,0,0,-.0896157219138291,12.59580121344648,65.71786255229217,65.3075717902132,85.59830325154785,66.54953273460079,88.68605935933428,85.62200967862994,57.70374763900321,26.57453610598953,80.51068326378525
evreg6,7.relative_year_bin_aux#1.treat,27.14847495043193,382.6429082514188,0,0,0,0,0,0,0,0,0,0,-.1323489959626525,30.64123002345148,34.39560007310455,30.87487145128554,58.73971878269649,35.78020764667936,73.40564729646422,57.70374763900321,81.43238520190862,12.42608032702178,100.1126433733279
evreg6,9.relative_year_bin_aux#1.treat,32.41087625053427,382.6429082514188,0,0,0,0,0,0,0,0,0,0,.0153894887712889,-8.251400346358052,58.00222117482071,60.13149758868208,60.56523671062502,66.06039579349354,54.31600210095117,26.57453610598953,12.42608032702178,69.87472410732268,82.34179927999502
evreg6,10.relative_year_bin_aux#1.treat,85.29094301621501,382.6429082514188,0,0,0,0,0,0,0,0,0,0,-.2178439830553913,69.75914519489976,105.7217713499287,114.147801545478,152.654501103641,118.640898535947,162.6671062021434,80.51068326378525,100.1126433733279,82.34179927999502,330.115996330894
evreg7,1bn.relative_year_bin_aux,-188.396009474647,382.6429082514188,517.6815092088601,445.4258363920164,373.740056192122,288.8695683195128,211.416961616123,137.7900723372342,77.62049903353721,-107.2260368774758,-191.5742148657798,0,1.77897528696557,-45.38779573886292,.5147476749915076,-16.30279471015275,-28.65309123739489,-8.81474504561402,-40.49451396436076,-25.33950438606845,-55.29265136592694,8.976727014110708,-112.900184608709
evreg7,2.relative_year_bin_aux,-153.9768103002358,382.6429082514188,445.4258363920164,387.6290460561809,328.6827805061632,256.9937395856604,189.4083426319839,123.6142455817234,67.69756841526652,-91.75660254853962,-166.8307914088564,0,1.515754823623262,-40.92753017625638,-7.593473192023449,-21.02789655550175,-32.13805034664471,-14.49595180395728,-40.05731737836324,-24.33137968703844,-48.76049382768419,6.211486380956133,-99.69974792717179
evreg7,3.relative_year_bin_aux,-106.607577704907,382.6429082514188,373.740056192122,328.6827805061632,285.6157796885529,228.5796217360459,171.3235584809349,113.8979867245356,60.18173829598237,-77.00345187814918,-143.6089655705774,0,1.226501398526924,-33.41318376575598,-5.943993475089068,-17.49442959945548,-26.90931650828552,-11.89204523664275,-32.40293321723851,-20.22753716966602,-40.46922594332021,3.996311391185968,-84.88946639702971
evreg7,4.relative_year_bin_aux,-62.40904837789977,382.6429082514188,288.8695683195128,256.9937395856604,228.5796217360459,190.8455430030959,147.7947124926182,100.2372218554309,52.0751245086016,-60.21378778535576,-112.4049266933296,0,.8913449015068501,-27.88665825508414,-8.881070237093242,-17.88091117884144,-24.86800409308055,-13.86873586578897,-28.39180037140094,-17.24940329667333,-33.099956347439,1.540131713089411,-70.95971905512621
evreg7,5.relative_year_bin_aux,-30.42713354495347,382.6429082514188,211.416961616123,189.4083426319839,171.3235584809349,147.7947124926182,119.8552207514645,84.05758414388416,43.98071274762458,-46.41163782909069,-85.53847861698087,0,.6274384041781169,-20.60702772277283,-6.064630551239347,-13.13302061605425,-17.48521837161844,-9.674036039423676,-19.44772769151994,-11.96002535411453,-24.80536833758841,.5005232731780209,-54.75099112419915
evreg7,6.relative_year_bin_aux,-6.213925950656411,382.6429082514188,137.7900723372342,123.6142455817234,113.8979867245356,100.2372218554309,84.05758414388416,62.81730023255703,33.61108147714069,-32.5072085601935,-60.59324492702243,0,.3890334391296406,-13.0213432516326,-.6635971633946032,-5.933264297374303,-8.918002608685651,-3.920769261080068,-9.244271361093423,-6.551419450839159,-15.55677026744701,-.7831355426136896,-36.27525890640167
evreg7,7.relative_year_bin_aux,-17.982068781149,382.6429082514188,77.62049903353721,67.69756841526652,60.18173829598237,52.0751245086016,43.98071274762458,33.61108147714069,20.79018634547794,-21.2202908068814,-34.64819582274962,0,.2498896049968188,-8.346342657169474,2.006940873618122,-.9245819394848458,-2.116750209384612,.4737963172428005,-1.563576022244145,-.5748936180697957,-7.805242077930227,1.17020355802987,-18.07896428288656
evreg7,9.relative_year_bin_aux,45.03059869574317,382.6429082514188,-107.2260368774758,-91.75660254853962,-77.00345187814918,-60.21378778535576,-46.41163782909069,-32.5072085601935,-21.2202908068814,30.26344926099848,51.81576553287332,0,-.4141195609841165,8.44017076002844,-1.992690663281092,.5022068372339835,2.214214334753767,-2.16877256213876,1.234335079001265,-.3620952974017761,9.618146976015788,-3.630725408276239,20.61774689384624
evreg7,10.relative_year_bin_aux,49.42285232580276,382.6429082514188,-191.5742148657798,-166.8307914088564,-143.6089655705774,-112.4049266933296,-85.53847861698087,-60.59324492702243,-34.64819582274962,51.81576553287332,102.7450765545884,0,-.6973877333776531,9.585818670364223,-1.232362401447198,2.172949286165827,7.403235202626248,-.7280943681682304,6.596714620312311,3.671866966956433,18.62503490742035,-1.64952093475842,42.04662253300818
evreg7,1o.treat,0,382.6429082514188,0,0,0,0,0,0,0,0,0,0,0,0,0,0,0,0,0,0,0,0,0
evreg7,wind_direction,-1.234626042006553,382.6429082514188,1.77897528696557,1.515754823623262,1.226501398526924,.8913449015068501,.6274384041781169,.3890334391296406,.2498896049968188,-.4141195609841165,-.6973877333776531,0,.0093187994602336,-.177197616001676,.0238565505457649,.0277576600523331,-.0085628520907742,.040719310245844,-.0317782251231202,-.0243701126854086,-.132335583396045,.1072971860988132,-.1463688555852753
evreg7,av_wind_speed,52.65373927096574,382.6429082514188,-45.38779573886292,-40.92753017625638,-33.41318376575598,-27.88665825508414,-20.60702772277283,-13.0213432516326,-8.346342657169474,8.44017076002844,9.585818670364223,0,-.177197616001676,41.87589494966485,-.790247067297099,2.820726612485188,6.975757153562729,3.239868831740349,8.322714124655946,9.909910459861411,8.05809649650228,-3.243331542206822,3.984999721653252
evreg7,1bn.relative_year_bin_aux#1.treat,24.29837818620999,382.6429082514188,.5147476749915076,-7.593473192023449,-5.943993475089068,-8.881070237093242,-6.064630551239347,-.6635971633946032,2.006940873618122,-1.992690663281092,-1.232362401447198,0,.0238565505457649,-.790247067297099,254.99492336553,203.6752322591502,213.3885392011917,189.5506448567575,150.67365790346,71.74443171198968,44.96924944809679,56.2154135669436,119.7051318553517
